{
  "field" : "golden",
  "symmetry" : "icosahedral",
  "orientations" : [ [ 1.0, 0.0, 0.0, 0.0, 0.0, 1.0, 0.0, 0.0, 0.0, 0.0, 1.0, 0.0, 0.0, 0.0, 0.0, 1.0 ], [ 0.0, 0.0, 1.0, 0.0, 1.0, 0.0, 0.0, 0.0, 0.0, 1.0, 0.0, 0.0, 0.0, 0.0, 0.0, 1.0 ], [ 0.0, 1.0, 0.0, 0.0, 0.0, 0.0, 1.0, 0.0, 1.0, 0.0, 0.0, 0.0, 0.0, 0.0, 0.0, 1.0 ], [ 0.809017, 0.309017, 0.5, 0.0, 0.309017, 0.5, -0.809017, 0.0, -0.5, 0.809017, 0.309017, 0.0, 0.0, 0.0, 0.0, 1.0 ], [ -0.5, 0.809017, 0.309017, 0.0, 0.809017, 0.309017, 0.5, 0.0, 0.309017, 0.5, -0.809017, 0.0, 0.0, 0.0, 0.0, 1.0 ], [ 0.309017, 0.5, -0.809017, 0.0, -0.5, 0.809017, 0.309017, 0.0, 0.809017, 0.309017, 0.5, 0.0, 0.0, 0.0, 0.0, 1.0 ], [ 0.5, 0.809017, 0.309017, 0.0, 0.809017, -0.309017, -0.5, 0.0, -0.309017, 0.5, -0.809017, 0.0, 0.0, 0.0, 0.0, 1.0 ], [ -0.309017, 0.5, -0.809017, 0.0, 0.5, 0.809017, 0.309017, 0.0, 0.809017, -0.309017, -0.5, 0.0, 0.0, 0.0, 0.0, 1.0 ], [ 0.809017, -0.309017, -0.5, 0.0, -0.309017, 0.5, -0.809017, 0.0, 0.5, 0.809017, 0.309017, 0.0, 0.0, 0.0, 0.0, 1.0 ], [ 0.5, 0.809017, -0.309017, 0.0, 0.809017, -0.309017, 0.5, 0.0, 0.309017, -0.5, -0.809017, 0.0, 0.0, 0.0, 0.0, 1.0 ], [ 0.309017, -0.5, -0.809017, 0.0, 0.5, 0.809017, -0.309017, 0.0, 0.809017, -0.309017, 0.5, 0.0, 0.0, 0.0, 0.0, 1.0 ], [ 0.809017, -0.309017, 0.5, 0.0, 0.309017, -0.5, -0.809017, 0.0, 0.5, 0.809017, -0.309017, 0.0, 0.0, 0.0, 0.0, 1.0 ], [ 0.809017, 0.309017, -0.5, 0.0, 0.309017, 0.5, 0.809017, 0.0, 0.5, -0.809017, 0.309017, 0.0, 0.0, 0.0, 0.0, 1.0 ], [ 0.5, -0.809017, 0.309017, 0.0, 0.809017, 0.309017, -0.5, 0.0, 0.309017, 0.5, 0.809017, 0.0, 0.0, 0.0, 0.0, 1.0 ], [ 0.309017, 0.5, 0.809017, 0.0, 0.5, -0.809017, 0.309017, 0.0, 0.809017, 0.309017, -0.5, 0.0, 0.0, 0.0, 0.0, 1.0 ], [ 1.0, 0.0, 0.0, 0.0, 0.0, -1.0, 0.0, 0.0, 0.0, 0.0, -1.0, 0.0, 0.0, 0.0, 0.0, 1.0 ], [ 0.0, 0.0, 1.0, 0.0, -1.0, 0.0, 0.0, 0.0, 0.0, -1.0, 0.0, 0.0, 0.0, 0.0, 0.0, 1.0 ], [ 0.0, 1.0, 0.0, 0.0, 0.0, 0.0, -1.0, 0.0, -1.0, 0.0, 0.0, 0.0, 0.0, 0.0, 0.0, 1.0 ], [ 0.809017, 0.309017, 0.5, 0.0, -0.309017, -0.5, 0.809017, 0.0, 0.5, -0.809017, -0.309017, 0.0, 0.0, 0.0, 0.0, 1.0 ], [ -0.5, 0.809017, 0.309017, 0.0, -0.809017, -0.309017, -0.5, 0.0, -0.309017, -0.5, 0.809017, 0.0, 0.0, 0.0, 0.0, 1.0 ], [ 0.309017, 0.5, -0.809017, 0.0, 0.5, -0.809017, -0.309017, 0.0, -0.809017, -0.309017, -0.5, 0.0, 0.0, 0.0, 0.0, 1.0 ], [ 0.5, 0.809017, 0.309017, 0.0, -0.809017, 0.309017, 0.5, 0.0, 0.309017, -0.5, 0.809017, 0.0, 0.0, 0.0, 0.0, 1.0 ], [ -0.309017, 0.5, -0.809017, 0.0, -0.5, -0.809017, -0.309017, 0.0, -0.809017, 0.309017, 0.5, 0.0, 0.0, 0.0, 0.0, 1.0 ], [ 0.809017, -0.309017, -0.5, 0.0, 0.309017, -0.5, 0.809017, 0.0, -0.5, -0.809017, -0.309017, 0.0, 0.0, 0.0, 0.0, 1.0 ], [ 0.5, 0.809017, -0.309017, 0.0, -0.809017, 0.309017, -0.5, 0.0, -0.309017, 0.5, 0.809017, 0.0, 0.0, 0.0, 0.0, 1.0 ], [ 0.309017, -0.5, -0.809017, 0.0, -0.5, -0.809017, 0.309017, 0.0, -0.809017, 0.309017, -0.5, 0.0, 0.0, 0.0, 0.0, 1.0 ], [ 0.809017, -0.309017, 0.5, 0.0, -0.309017, 0.5, 0.809017, 0.0, -0.5, -0.809017, 0.309017, 0.0, 0.0, 0.0, 0.0, 1.0 ], [ 0.809017, 0.309017, -0.5, 0.0, -0.309017, -0.5, -0.809017, 0.0, -0.5, 0.809017, -0.309017, 0.0, 0.0, 0.0, 0.0, 1.0 ], [ 0.5, -0.809017, 0.309017, 0.0, -0.809017, -0.309017, 0.5, 0.0, -0.309017, -0.5, -0.809017, 0.0, 0.0, 0.0, 0.0, 1.0 ], [ 0.309017, 0.5, 0.809017, 0.0, -0.5, 0.809017, -0.309017, 0.0, -0.809017, -0.309017, 0.5, 0.0, 0.0, 0.0, 0.0, 1.0 ], [ -1.0, 0.0, 0.0, 0.0, 0.0, -1.0, 0.0, 0.0, 0.0, 0.0, 1.0, 0.0, 0.0, 0.0, 0.0, 1.0 ], [ 0.0, 0.0, -1.0, 0.0, -1.0, 0.0, 0.0, 0.0, 0.0, 1.0, 0.0, 0.0, 0.0, 0.0, 0.0, 1.0 ], [ 0.0, -1.0, 0.0, 0.0, 0.0, 0.0, -1.0, 0.0, 1.0, 0.0, 0.0, 0.0, 0.0, 0.0, 0.0, 1.0 ], [ -0.809017, -0.309017, -0.5, 0.0, -0.309017, -0.5, 0.809017, 0.0, -0.5, 0.809017, 0.309017, 0.0, 0.0, 0.0, 0.0, 1.0 ], [ 0.5, -0.809017, -0.309017, 0.0, -0.809017, -0.309017, -0.5, 0.0, 0.309017, 0.5, -0.809017, 0.0, 0.0, 0.0, 0.0, 1.0 ], [ -0.309017, -0.5, 0.809017, 0.0, 0.5, -0.809017, -0.309017, 0.0, 0.809017, 0.309017, 0.5, 0.0, 0.0, 0.0, 0.0, 1.0 ], [ -0.5, -0.809017, -0.309017, 0.0, -0.809017, 0.309017, 0.5, 0.0, -0.309017, 0.5, -0.809017, 0.0, 0.0, 0.0, 0.0, 1.0 ], [ 0.309017, -0.5, 0.809017, 0.0, -0.5, -0.809017, -0.309017, 0.0, 0.809017, -0.309017, -0.5, 0.0, 0.0, 0.0, 0.0, 1.0 ], [ -0.809017, 0.309017, 0.5, 0.0, 0.309017, -0.5, 0.809017, 0.0, 0.5, 0.809017, 0.309017, 0.0, 0.0, 0.0, 0.0, 1.0 ], [ -0.5, -0.809017, 0.309017, 0.0, -0.809017, 0.309017, -0.5, 0.0, 0.309017, -0.5, -0.809017, 0.0, 0.0, 0.0, 0.0, 1.0 ], [ -0.309017, 0.5, 0.809017, 0.0, -0.5, -0.809017, 0.309017, 0.0, 0.809017, -0.309017, 0.5, 0.0, 0.0, 0.0, 0.0, 1.0 ], [ -0.809017, 0.309017, -0.5, 0.0, -0.309017, 0.5, 0.809017, 0.0, 0.5, 0.809017, -0.309017, 0.0, 0.0, 0.0, 0.0, 1.0 ], [ -0.809017, -0.309017, 0.5, 0.0, -0.309017, -0.5, -0.809017, 0.0, 0.5, -0.809017, 0.309017, 0.0, 0.0, 0.0, 0.0, 1.0 ], [ -0.5, 0.809017, -0.309017, 0.0, -0.809017, -0.309017, 0.5, 0.0, 0.309017, 0.5, 0.809017, 0.0, 0.0, 0.0, 0.0, 1.0 ], [ -0.309017, -0.5, -0.809017, 0.0, -0.5, 0.809017, -0.309017, 0.0, 0.809017, 0.309017, -0.5, 0.0, 0.0, 0.0, 0.0, 1.0 ], [ -1.0, 0.0, 0.0, 0.0, 0.0, 1.0, 0.0, 0.0, 0.0, 0.0, -1.0, 0.0, 0.0, 0.0, 0.0, 1.0 ], [ 0.0, 0.0, -1.0, 0.0, 1.0, 0.0, 0.0, 0.0, 0.0, -1.0, 0.0, 0.0, 0.0, 0.0, 0.0, 1.0 ], [ 0.0, -1.0, 0.0, 0.0, 0.0, 0.0, 1.0, 0.0, -1.0, 0.0, 0.0, 0.0, 0.0, 0.0, 0.0, 1.0 ], [ -0.809017, -0.309017, -0.5, 0.0, 0.309017, 0.5, -0.809017, 0.0, 0.5, -0.809017, -0.309017, 0.0, 0.0, 0.0, 0.0, 1.0 ], [ 0.5, -0.809017, -0.309017, 0.0, 0.809017, 0.309017, 0.5, 0.0, -0.309017, -0.5, 0.809017, 0.0, 0.0, 0.0, 0.0, 1.0 ], [ -0.309017, -0.5, 0.809017, 0.0, -0.5, 0.809017, 0.309017, 0.0, -0.809017, -0.309017, -0.5, 0.0, 0.0, 0.0, 0.0, 1.0 ], [ -0.5, -0.809017, -0.309017, 0.0, 0.809017, -0.309017, -0.5, 0.0, 0.309017, -0.5, 0.809017, 0.0, 0.0, 0.0, 0.0, 1.0 ], [ 0.309017, -0.5, 0.809017, 0.0, 0.5, 0.809017, 0.309017, 0.0, -0.809017, 0.309017, 0.5, 0.0, 0.0, 0.0, 0.0, 1.0 ], [ -0.809017, 0.309017, 0.5, 0.0, -0.309017, 0.5, -0.809017, 0.0, -0.5, -0.809017, -0.309017, 0.0, 0.0, 0.0, 0.0, 1.0 ], [ -0.5, -0.809017, 0.309017, 0.0, 0.809017, -0.309017, 0.5, 0.0, -0.309017, 0.5, 0.809017, 0.0, 0.0, 0.0, 0.0, 1.0 ], [ -0.309017, 0.5, 0.809017, 0.0, 0.5, 0.809017, -0.309017, 0.0, -0.809017, 0.309017, -0.5, 0.0, 0.0, 0.0, 0.0, 1.0 ], [ -0.809017, 0.309017, -0.5, 0.0, 0.309017, -0.5, -0.809017, 0.0, -0.5, -0.809017, 0.309017, 0.0, 0.0, 0.0, 0.0, 1.0 ], [ -0.809017, -0.309017, 0.5, 0.0, 0.309017, 0.5, 0.809017, 0.0, -0.5, 0.809017, -0.309017, 0.0, 0.0, 0.0, 0.0, 1.0 ], [ -0.5, 0.809017, -0.309017, 0.0, 0.809017, 0.309017, -0.5, 0.0, -0.309017, -0.5, -0.809017, 0.0, 0.0, 0.0, 0.0, 1.0 ], [ -0.309017, -0.5, -0.809017, 0.0, 0.5, -0.809017, 0.309017, 0.0, -0.809017, -0.309017, 0.5, 0.0, 0.0, 0.0, 0.0, 1.0 ] ],
  "lights" : {
    "directionalLights" : [ {
      "direction" : [ 1.0, -1.0, -1.0 ],
      "color" : "#EBEBE4"
    }, {
      "direction" : [ -1.0, 0.0, 0.0 ],
      "color" : "#E4E4EB"
    }, {
      "direction" : [ 0.0, 0.0, -1.0 ],
      "color" : "#1E1E1E"
    } ],
    "ambientColor" : "#292929",
    "backgroundColor" : "#AFC8DC"
  },
  "camera" : {
    "position" : {
      "x" : 31.504303,
      "y" : -13.67905,
      "z" : 476.4147
    },
    "perspective" : true,
    "viewDistance" : 477.65057,
    "nearClipDistance" : 1.1941272,
    "farClipDistance" : 955.2999,
    "lookAtPoint" : {
      "x" : 0.0,
      "y" : 0.0,
      "z" : 0.0
    },
    "fieldOfView" : 0.4426288,
    "lookDirection" : {
      "x" : -0.0659568,
      "y" : 0.028638195,
      "z" : -0.9974126
    },
    "upDirection" : {
      "x" : -0.058312546,
      "y" : 0.99776924,
      "z" : 0.032505862
    },
    "stereo" : false,
    "width" : 214.9427
  },
  "embedding" : [ 1.0, 0.0, 0.0, 0.0, 0.0, 1.0, 0.0, 0.0, 0.0, 0.0, 1.0, 0.0, 0.0, 0.0, 0.0, 1.0 ],
  "shapes" : [ {
    "id" : "18ad8370-a962-4d1c-9bae-978f554d4d4e",
    "vertices" : [ {
      "x" : 23.18034,
      "y" : 8.854102,
      "z" : -3.381966
    }, {
      "x" : 22.798374,
      "y" : 8.399187,
      "z" : -3.190983
    }, {
      "x" : 22.635256,
      "y" : 8.663119,
      "z" : -3.618034
    }, {
      "x" : 22.562305,
      "y" : 8.927051,
      "z" : -3.427051
    }, {
      "x" : 0.85410196,
      "y" : 0.309017,
      "z" : 0.19098301
    }, {
      "x" : 0.690983,
      "y" : 0.572949,
      "z" : -0.23606798
    }, {
      "x" : 0.309017,
      "y" : 0.11803399,
      "z" : -0.045084972
    }, {
      "x" : 0.76393205,
      "y" : 0.309017,
      "z" : -0.42705098
    }, {
      "x" : 0.927051,
      "y" : 0.045084972,
      "z" : 0.0
    }, {
      "x" : 22.725426,
      "y" : 8.663119,
      "z" : -3.0
    }, {
      "x" : 23.489357,
      "y" : 8.972136,
      "z" : -3.427051
    } ],
    "faces" : [ {
      "vertices" : [ 2, 7, 5 ]
    }, {
      "vertices" : [ 2, 5, 3 ]
    }, {
      "vertices" : [ 1, 8, 7 ]
    }, {
      "vertices" : [ 1, 7, 2 ]
    }, {
      "vertices" : [ 4, 6, 8 ]
    }, {
      "vertices" : [ 5, 7, 6 ]
    }, {
      "vertices" : [ 0, 1, 2 ]
    }, {
      "vertices" : [ 0, 2, 3 ]
    }, {
      "vertices" : [ 6, 7, 8 ]
    }, {
      "vertices" : [ 3, 5, 4 ]
    }, {
      "vertices" : [ 3, 4, 9 ]
    }, {
      "vertices" : [ 1, 9, 4 ]
    }, {
      "vertices" : [ 1, 4, 8 ]
    }, {
      "vertices" : [ 0, 9, 1 ]
    }, {
      "vertices" : [ 0, 3, 9 ]
    }, {
      "vertices" : [ 4, 5, 6 ]
    } ]
  }, {
    "id" : "c89d7d28-69c9-4cc1-b94b-09e29fb275aa",
    "vertices" : [ {
      "x" : -14.5172205,
      "y" : -23.489357,
      "z" : -38.006577
    }, {
      "x" : -17.944271,
      "y" : 0.0,
      "z" : -29.034441
    }, {
      "x" : 0.0,
      "y" : -12.984597,
      "z" : -33.994118
    } ],
    "faces" : [ {
      "vertices" : [ 0, 1, 2 ]
    }, {
      "vertices" : [ 0, 2, 1 ]
    } ]
  }, {
    "id" : "0fff3d4a-6166-48a0-8d57-8669f3cd0d87",
    "vertices" : [ {
      "x" : -35.888542,
      "y" : 29.034441,
      "z" : 17.944271
    }, {
      "x" : -23.489357,
      "y" : 38.006577,
      "z" : 14.5172205
    }, {
      "x" : -29.034441,
      "y" : 17.944271,
      "z" : 0.0
    } ],
    "faces" : [ {
      "vertices" : [ 0, 1, 2 ]
    }, {
      "vertices" : [ 0, 2, 1 ]
    } ]
  }, {
    "id" : "6752e1c0-30ba-46ae-b4ff-72e853e6f262",
    "vertices" : [ {
      "x" : -46.978714,
      "y" : 11.09017,
      "z" : -11.09017
    }, {
      "x" : -46.978714,
      "y" : 0.0,
      "z" : 0.0
    }, {
      "x" : -29.034441,
      "y" : 17.944271,
      "z" : 0.0
    } ],
    "faces" : [ {
      "vertices" : [ 0, 1, 2 ]
    }, {
      "vertices" : [ 0, 2, 1 ]
    } ]
  }, {
    "id" : "adac0ada-1907-4d44-9e9a-fe52a583e14c",
    "vertices" : [ {
      "x" : -17.944271,
      "y" : -35.888542,
      "z" : -29.034441
    }, {
      "x" : -23.489357,
      "y" : -38.006577,
      "z" : -14.5172205
    }, {
      "x" : -21.00952,
      "y" : -21.00952,
      "z" : -21.00952
    }, {
      "x" : -14.5172205,
      "y" : -23.489357,
      "z" : -38.006577
    } ],
    "faces" : [ {
      "vertices" : [ 0, 1, 2 ]
    }, {
      "vertices" : [ 0, 2, 3 ]
    }, {
      "vertices" : [ 0, 3, 2 ]
    }, {
      "vertices" : [ 0, 2, 1 ]
    } ]
  }, {
    "id" : "0d923ec6-884f-4ff9-bfd0-41bbc70d9c89",
    "vertices" : [ {
      "x" : -23.489357,
      "y" : -38.006577,
      "z" : -14.5172205
    }, {
      "x" : -29.034441,
      "y" : -40.12461,
      "z" : 0.0
    }, {
      "x" : -29.034441,
      "y" : -17.944271,
      "z" : 0.0
    } ],
    "faces" : [ {
      "vertices" : [ 0, 1, 2 ]
    }, {
      "vertices" : [ 0, 2, 1 ]
    } ]
  }, {
    "id" : "f02473d4-ff4c-40f5-a157-8e9a229e6c79",
    "vertices" : [ {
      "x" : 14.208204,
      "y" : 5.427051,
      "z" : -2.072949
    }, {
      "x" : 13.826238,
      "y" : 4.972136,
      "z" : -1.881966
    }, {
      "x" : 13.663119,
      "y" : 5.236068,
      "z" : -2.309017
    }, {
      "x" : 13.59017,
      "y" : 5.5,
      "z" : -2.118034
    }, {
      "x" : 0.85410196,
      "y" : 0.309017,
      "z" : 0.19098301
    }, {
      "x" : 0.690983,
      "y" : 0.572949,
      "z" : -0.23606798
    }, {
      "x" : 0.309017,
      "y" : 0.11803399,
      "z" : -0.045084972
    }, {
      "x" : 0.76393205,
      "y" : 0.309017,
      "z" : -0.42705098
    }, {
      "x" : 0.927051,
      "y" : 0.045084972,
      "z" : 0.0
    }, {
      "x" : 13.753289,
      "y" : 5.236068,
      "z" : -1.690983
    }, {
      "x" : 14.5172205,
      "y" : 5.545085,
      "z" : -2.118034
    } ],
    "faces" : [ {
      "vertices" : [ 2, 7, 5 ]
    }, {
      "vertices" : [ 2, 5, 3 ]
    }, {
      "vertices" : [ 1, 8, 7 ]
    }, {
      "vertices" : [ 1, 7, 2 ]
    }, {
      "vertices" : [ 4, 6, 8 ]
    }, {
      "vertices" : [ 5, 7, 6 ]
    }, {
      "vertices" : [ 0, 1, 2 ]
    }, {
      "vertices" : [ 0, 2, 3 ]
    }, {
      "vertices" : [ 6, 7, 8 ]
    }, {
      "vertices" : [ 3, 5, 4 ]
    }, {
      "vertices" : [ 3, 4, 9 ]
    }, {
      "vertices" : [ 1, 9, 4 ]
    }, {
      "vertices" : [ 1, 4, 8 ]
    }, {
      "vertices" : [ 0, 9, 1 ]
    }, {
      "vertices" : [ 0, 3, 9 ]
    }, {
      "vertices" : [ 4, 5, 6 ]
    } ]
  }, {
    "id" : "5d780cf7-c26a-4b4d-aca3-4bde9f78a4f5",
    "vertices" : [ {
      "x" : 0.0,
      "y" : 29.034441,
      "z" : -17.944271
    }, {
      "x" : 23.489357,
      "y" : 38.006577,
      "z" : -14.5172205
    }, {
      "x" : 21.00952,
      "y" : 21.00952,
      "z" : -21.00952
    } ],
    "faces" : [ {
      "vertices" : [ 0, 1, 2 ]
    }, {
      "vertices" : [ 0, 2, 1 ]
    } ]
  }, {
    "id" : "7e5b51df-e715-482b-9c4b-4b4de756ccb7",
    "vertices" : [ {
      "x" : 0.0,
      "y" : -29.034441,
      "z" : -17.944271
    }, {
      "x" : 23.489357,
      "y" : -38.006577,
      "z" : -14.5172205
    }, {
      "x" : 12.984597,
      "y" : -33.994118,
      "z" : 0.0
    } ],
    "faces" : [ {
      "vertices" : [ 0, 1, 2 ]
    }, {
      "vertices" : [ 0, 2, 1 ]
    } ]
  }, {
    "id" : "8f5a0dab-0330-4e70-b255-33eba4dda90d",
    "vertices" : [ {
      "x" : 1.0,
      "y" : 0.309017,
      "z" : 0.19098301
    }, {
      "x" : 1.0,
      "y" : -0.309017,
      "z" : 0.19098301
    }, {
      "x" : 21.18034,
      "y" : -0.309017,
      "z" : 0.19098301
    }, {
      "x" : 21.18034,
      "y" : 0.309017,
      "z" : 0.19098301
    }, {
      "x" : 21.18034,
      "y" : -0.309017,
      "z" : -0.19098301
    }, {
      "x" : 21.18034,
      "y" : 0.309017,
      "z" : -0.19098301
    }, {
      "x" : 21.798374,
      "y" : 0.0,
      "z" : 0.0
    }, {
      "x" : 0.38196602,
      "y" : 0.0,
      "z" : 0.0
    }, {
      "x" : 1.0,
      "y" : 0.309017,
      "z" : -0.19098301
    }, {
      "x" : 1.0,
      "y" : -0.309017,
      "z" : -0.19098301
    }, {
      "x" : 22.18034,
      "y" : 0.0,
      "z" : 0.0
    } ],
    "faces" : [ {
      "vertices" : [ 1, 9, 4 ]
    }, {
      "vertices" : [ 1, 4, 2 ]
    }, {
      "vertices" : [ 0, 3, 5 ]
    }, {
      "vertices" : [ 0, 5, 8 ]
    }, {
      "vertices" : [ 1, 7, 9 ]
    }, {
      "vertices" : [ 0, 1, 2 ]
    }, {
      "vertices" : [ 0, 2, 3 ]
    }, {
      "vertices" : [ 7, 8, 9 ]
    }, {
      "vertices" : [ 0, 7, 1 ]
    }, {
      "vertices" : [ 4, 9, 8 ]
    }, {
      "vertices" : [ 4, 8, 5 ]
    }, {
      "vertices" : [ 2, 6, 3 ]
    }, {
      "vertices" : [ 2, 4, 6 ]
    }, {
      "vertices" : [ 3, 6, 5 ]
    }, {
      "vertices" : [ 4, 5, 6 ]
    }, {
      "vertices" : [ 0, 8, 7 ]
    } ]
  }, {
    "id" : "496744ac-fefa-4365-aebb-5cf677917c50",
    "vertices" : [ {
      "x" : 29.034441,
      "y" : -40.12461,
      "z" : 0.0
    }, {
      "x" : 23.489357,
      "y" : -38.006577,
      "z" : -14.5172205
    }, {
      "x" : 29.034441,
      "y" : -17.944271,
      "z" : 0.0
    } ],
    "faces" : [ {
      "vertices" : [ 0, 1, 2 ]
    }, {
      "vertices" : [ 0, 2, 1 ]
    } ]
  }, {
    "id" : "75c906e1-2e57-44f7-98a3-a4e104df81b5",
    "vertices" : [ {
      "x" : -38.006577,
      "y" : -14.5172205,
      "z" : -23.489357
    }, {
      "x" : -35.888542,
      "y" : -29.034441,
      "z" : -17.944271
    }, {
      "x" : -29.034441,
      "y" : -17.944271,
      "z" : 0.0
    } ],
    "faces" : [ {
      "vertices" : [ 0, 1, 2 ]
    }, {
      "vertices" : [ 0, 2, 1 ]
    } ]
  }, {
    "id" : "883ac4f3-4e77-41e7-9bfe-48d599b332b3",
    "vertices" : [ {
      "x" : 29.034441,
      "y" : -17.944271,
      "z" : 0.0
    }, {
      "x" : 23.489357,
      "y" : -38.006577,
      "z" : -14.5172205
    }, {
      "x" : 21.00952,
      "y" : -21.00952,
      "z" : -21.00952
    } ],
    "faces" : [ {
      "vertices" : [ 0, 1, 2 ]
    }, {
      "vertices" : [ 0, 2, 1 ]
    } ]
  }, {
    "id" : "28d77a2c-e069-4869-ba93-3fc3a246e234",
    "vertices" : [ {
      "x" : 23.489357,
      "y" : -38.006577,
      "z" : -14.5172205
    }, {
      "x" : 29.034441,
      "y" : -17.944271,
      "z" : 0.0
    }, {
      "x" : 12.984597,
      "y" : -33.994118,
      "z" : 0.0
    } ],
    "faces" : [ {
      "vertices" : [ 0, 1, 2 ]
    }, {
      "vertices" : [ 0, 2, 1 ]
    } ]
  }, {
    "id" : "9a78e2c1-f764-4c4a-8acc-e107884a5881",
    "vertices" : [ {
      "x" : -46.978714,
      "y" : -11.09017,
      "z" : -11.09017
    }, {
      "x" : -46.978714,
      "y" : 0.0,
      "z" : 0.0
    }, {
      "x" : -33.994118,
      "y" : 0.0,
      "z" : -12.984597
    }, {
      "x" : -38.006577,
      "y" : -14.5172205,
      "z" : -23.489357
    } ],
    "faces" : [ {
      "vertices" : [ 0, 1, 2 ]
    }, {
      "vertices" : [ 0, 2, 3 ]
    }, {
      "vertices" : [ 0, 3, 2 ]
    }, {
      "vertices" : [ 0, 2, 1 ]
    } ]
  }, {
    "id" : "963bab06-2231-4f65-9d16-06f66f6f6644",
    "vertices" : [ {
      "x" : -35.888542,
      "y" : -29.034441,
      "z" : -17.944271
    }, {
      "x" : -38.006577,
      "y" : -14.5172205,
      "z" : -23.489357
    }, {
      "x" : -21.00952,
      "y" : -21.00952,
      "z" : -21.00952
    }, {
      "x" : -23.489357,
      "y" : -38.006577,
      "z" : -14.5172205
    } ],
    "faces" : [ {
      "vertices" : [ 0, 1, 2 ]
    }, {
      "vertices" : [ 0, 2, 3 ]
    }, {
      "vertices" : [ 0, 3, 2 ]
    }, {
      "vertices" : [ 0, 2, 1 ]
    } ]
  }, {
    "id" : "78e094e5-4e93-4cbc-868d-c9178095dcce",
    "vertices" : [ {
      "x" : 29.034441,
      "y" : 17.944271,
      "z" : 0.0
    }, {
      "x" : 38.006577,
      "y" : 14.5172205,
      "z" : 23.489357
    }, {
      "x" : 33.994118,
      "y" : 0.0,
      "z" : 12.984597
    } ],
    "faces" : [ {
      "vertices" : [ 0, 1, 2 ]
    }, {
      "vertices" : [ 0, 2, 1 ]
    } ]
  }, {
    "id" : "1888be9b-87fe-4a53-9f83-34e12781c1bf",
    "vertices" : [ {
      "x" : 0.0,
      "y" : -29.034441,
      "z" : 17.944271
    }, {
      "x" : -14.5172205,
      "y" : -23.489357,
      "z" : 38.006577
    }, {
      "x" : -21.00952,
      "y" : -21.00952,
      "z" : 21.00952
    } ],
    "faces" : [ {
      "vertices" : [ 0, 1, 2 ]
    }, {
      "vertices" : [ 0, 2, 1 ]
    } ]
  }, {
    "id" : "11069ee7-b741-4377-9651-90e322546503",
    "vertices" : [ {
      "x" : 29.034441,
      "y" : 17.944271,
      "z" : 0.0
    }, {
      "x" : 46.978714,
      "y" : 0.0,
      "z" : 0.0
    }, {
      "x" : 33.994118,
      "y" : 0.0,
      "z" : -12.984597
    } ],
    "faces" : [ {
      "vertices" : [ 0, 1, 2 ]
    }, {
      "vertices" : [ 0, 2, 1 ]
    } ]
  }, {
    "id" : "e92a4ce6-111a-4b77-a5b7-85395897ba47",
    "vertices" : [ {
      "x" : -14.5172205,
      "y" : -23.489357,
      "z" : 38.006577
    }, {
      "x" : -17.944271,
      "y" : -35.888542,
      "z" : 29.034441
    }, {
      "x" : 0.0,
      "y" : -29.034441,
      "z" : 17.944271
    } ],
    "faces" : [ {
      "vertices" : [ 0, 1, 2 ]
    }, {
      "vertices" : [ 0, 2, 1 ]
    } ]
  }, {
    "id" : "054bb75c-3e4e-4ad2-ab77-77d000270e5c",
    "vertices" : [ {
      "x" : -23.489357,
      "y" : 38.006577,
      "z" : 14.5172205
    }, {
      "x" : 0.0,
      "y" : 29.034441,
      "z" : 17.944271
    }, {
      "x" : -12.984597,
      "y" : 33.994118,
      "z" : 0.0
    } ],
    "faces" : [ {
      "vertices" : [ 0, 1, 2 ]
    }, {
      "vertices" : [ 0, 2, 1 ]
    } ]
  }, {
    "id" : "8f4f7d17-d476-4bfe-9283-482f21d441dc",
    "vertices" : [ {
      "x" : 0.0,
      "y" : -29.034441,
      "z" : -17.944271
    }, {
      "x" : 0.0,
      "y" : -46.978714,
      "z" : 0.0
    }, {
      "x" : -12.984597,
      "y" : -33.994118,
      "z" : 0.0
    } ],
    "faces" : [ {
      "vertices" : [ 0, 1, 2 ]
    }, {
      "vertices" : [ 0, 2, 1 ]
    } ]
  }, {
    "id" : "303230b9-dbea-45f1-a49d-a83536b6fe11",
    "vertices" : [ {
      "x" : 20.700502,
      "y" : 7.9068885,
      "z" : -3.0201626
    }, {
      "x" : 20.318537,
      "y" : 7.4519734,
      "z" : -2.8291795
    }, {
      "x" : 20.155418,
      "y" : 7.715905,
      "z" : -3.2562306
    }, {
      "x" : 20.082468,
      "y" : 7.9798374,
      "z" : -3.0652475
    }, {
      "x" : 0.85410196,
      "y" : 0.309017,
      "z" : 0.19098301
    }, {
      "x" : 0.690983,
      "y" : 0.572949,
      "z" : -0.23606798
    }, {
      "x" : 0.309017,
      "y" : 0.11803399,
      "z" : -0.045084972
    }, {
      "x" : 0.76393205,
      "y" : 0.309017,
      "z" : -0.42705098
    }, {
      "x" : 0.927051,
      "y" : 0.045084972,
      "z" : 0.0
    }, {
      "x" : 20.245588,
      "y" : 7.715905,
      "z" : -2.6381967
    }, {
      "x" : 21.00952,
      "y" : 8.024922,
      "z" : -3.0652475
    } ],
    "faces" : [ {
      "vertices" : [ 2, 7, 5 ]
    }, {
      "vertices" : [ 2, 5, 3 ]
    }, {
      "vertices" : [ 1, 8, 7 ]
    }, {
      "vertices" : [ 1, 7, 2 ]
    }, {
      "vertices" : [ 4, 6, 8 ]
    }, {
      "vertices" : [ 5, 7, 6 ]
    }, {
      "vertices" : [ 0, 1, 2 ]
    }, {
      "vertices" : [ 0, 2, 3 ]
    }, {
      "vertices" : [ 6, 7, 8 ]
    }, {
      "vertices" : [ 3, 5, 4 ]
    }, {
      "vertices" : [ 3, 4, 9 ]
    }, {
      "vertices" : [ 1, 9, 4 ]
    }, {
      "vertices" : [ 1, 4, 8 ]
    }, {
      "vertices" : [ 0, 9, 1 ]
    }, {
      "vertices" : [ 0, 3, 9 ]
    }, {
      "vertices" : [ 4, 5, 6 ]
    } ]
  }, {
    "id" : "ab94c486-95f8-47a0-a1d4-ce67097f339c",
    "vertices" : [ {
      "x" : 16.688042,
      "y" : 6.3742647,
      "z" : -2.4347525
    }, {
      "x" : 16.306076,
      "y" : 5.9193497,
      "z" : -2.2437694
    }, {
      "x" : 16.142956,
      "y" : 6.1832814,
      "z" : -2.6708205
    }, {
      "x" : 16.070007,
      "y" : 6.4472136,
      "z" : -2.4798374
    }, {
      "x" : 0.85410196,
      "y" : 0.309017,
      "z" : 0.19098301
    }, {
      "x" : 0.690983,
      "y" : 0.572949,
      "z" : -0.23606798
    }, {
      "x" : 0.309017,
      "y" : 0.11803399,
      "z" : -0.045084972
    }, {
      "x" : 0.76393205,
      "y" : 0.309017,
      "z" : -0.42705098
    }, {
      "x" : 0.927051,
      "y" : 0.045084972,
      "z" : 0.0
    }, {
      "x" : 16.233126,
      "y" : 6.1832814,
      "z" : -2.0527864
    }, {
      "x" : 16.997059,
      "y" : 6.4922986,
      "z" : -2.4798374
    } ],
    "faces" : [ {
      "vertices" : [ 2, 7, 5 ]
    }, {
      "vertices" : [ 2, 5, 3 ]
    }, {
      "vertices" : [ 1, 8, 7 ]
    }, {
      "vertices" : [ 1, 7, 2 ]
    }, {
      "vertices" : [ 4, 6, 8 ]
    }, {
      "vertices" : [ 5, 7, 6 ]
    }, {
      "vertices" : [ 0, 1, 2 ]
    }, {
      "vertices" : [ 0, 2, 3 ]
    }, {
      "vertices" : [ 6, 7, 8 ]
    }, {
      "vertices" : [ 3, 5, 4 ]
    }, {
      "vertices" : [ 3, 4, 9 ]
    }, {
      "vertices" : [ 1, 9, 4 ]
    }, {
      "vertices" : [ 1, 4, 8 ]
    }, {
      "vertices" : [ 0, 9, 1 ]
    }, {
      "vertices" : [ 0, 3, 9 ]
    }, {
      "vertices" : [ 4, 5, 6 ]
    } ]
  }, {
    "id" : "740dc369-9222-44ca-811f-75ba457d721a",
    "vertices" : [ {
      "x" : -40.12461,
      "y" : 0.0,
      "z" : -29.034441
    }, {
      "x" : -38.006577,
      "y" : 14.5172205,
      "z" : -23.489357
    }, {
      "x" : -17.944271,
      "y" : 0.0,
      "z" : -29.034441
    } ],
    "faces" : [ {
      "vertices" : [ 0, 1, 2 ]
    }, {
      "vertices" : [ 0, 2, 1 ]
    } ]
  }, {
    "id" : "5d4d58b3-8984-4aeb-a8b5-f47317797263",
    "vertices" : [ {
      "x" : 14.5172205,
      "y" : -23.489357,
      "z" : -38.006577
    }, {
      "x" : 17.944271,
      "y" : -35.888542,
      "z" : -29.034441
    }, {
      "x" : 0.0,
      "y" : -29.034441,
      "z" : -17.944271
    } ],
    "faces" : [ {
      "vertices" : [ 0, 1, 2 ]
    }, {
      "vertices" : [ 0, 2, 1 ]
    } ]
  }, {
    "id" : "8061b144-b8e8-4c88-900d-11b07c21e8f1",
    "vertices" : [ {
      "x" : 38.006577,
      "y" : -14.5172205,
      "z" : -23.489357
    }, {
      "x" : 17.944271,
      "y" : 0.0,
      "z" : -29.034441
    }, {
      "x" : 33.994118,
      "y" : 0.0,
      "z" : -12.984597
    } ],
    "faces" : [ {
      "vertices" : [ 0, 1, 2 ]
    }, {
      "vertices" : [ 0, 2, 1 ]
    } ]
  }, {
    "id" : "8714c769-790d-4add-919d-b82c711b0bf0",
    "vertices" : [ {
      "x" : -29.034441,
      "y" : 40.12461,
      "z" : 0.0
    }, {
      "x" : -23.489357,
      "y" : 38.006577,
      "z" : -14.5172205
    }, {
      "x" : -29.034441,
      "y" : 17.944271,
      "z" : 0.0
    } ],
    "faces" : [ {
      "vertices" : [ 0, 1, 2 ]
    }, {
      "vertices" : [ 0, 2, 1 ]
    } ]
  }, {
    "id" : "bde81687-c541-4e52-8ba6-1490a049fd83",
    "vertices" : [ {
      "x" : -35.888542,
      "y" : -29.034441,
      "z" : 17.944271
    }, {
      "x" : -23.489357,
      "y" : -38.006577,
      "z" : 14.5172205
    }, {
      "x" : -21.00952,
      "y" : -21.00952,
      "z" : 21.00952
    }, {
      "x" : -38.006577,
      "y" : -14.5172205,
      "z" : 23.489357
    } ],
    "faces" : [ {
      "vertices" : [ 0, 1, 2 ]
    }, {
      "vertices" : [ 0, 2, 3 ]
    }, {
      "vertices" : [ 0, 3, 2 ]
    }, {
      "vertices" : [ 0, 2, 1 ]
    } ]
  }, {
    "id" : "856be50c-c51f-4865-bfa9-e55942bf25ba",
    "vertices" : [ {
      "x" : 17.944271,
      "y" : -35.888542,
      "z" : -29.034441
    }, {
      "x" : 14.5172205,
      "y" : -23.489357,
      "z" : -38.006577
    }, {
      "x" : 21.00952,
      "y" : -21.00952,
      "z" : -21.00952
    }, {
      "x" : 23.489357,
      "y" : -38.006577,
      "z" : -14.5172205
    } ],
    "faces" : [ {
      "vertices" : [ 0, 1, 2 ]
    }, {
      "vertices" : [ 0, 2, 3 ]
    }, {
      "vertices" : [ 0, 3, 2 ]
    }, {
      "vertices" : [ 0, 2, 1 ]
    } ]
  }, {
    "id" : "1eba8eaf-952d-47ad-8cad-3fb3deb54d6c",
    "vertices" : [ {
      "x" : -46.978714,
      "y" : 11.09017,
      "z" : 11.09017
    }, {
      "x" : -38.006577,
      "y" : 14.5172205,
      "z" : 23.489357
    }, {
      "x" : -29.034441,
      "y" : 17.944271,
      "z" : 0.0
    } ],
    "faces" : [ {
      "vertices" : [ 0, 1, 2 ]
    }, {
      "vertices" : [ 0, 2, 1 ]
    } ]
  }, {
    "id" : "7922f647-fd09-4f2c-a996-112fdebe4663",
    "vertices" : [ {
      "x" : -11.09017,
      "y" : 46.978714,
      "z" : -11.09017
    }, {
      "x" : -23.489357,
      "y" : 38.006577,
      "z" : -14.5172205
    }, {
      "x" : -12.984597,
      "y" : 33.994118,
      "z" : 0.0
    }, {
      "x" : 0.0,
      "y" : 46.978714,
      "z" : 0.0
    } ],
    "faces" : [ {
      "vertices" : [ 0, 1, 2 ]
    }, {
      "vertices" : [ 0, 2, 3 ]
    }, {
      "vertices" : [ 0, 3, 2 ]
    }, {
      "vertices" : [ 0, 2, 1 ]
    } ]
  }, {
    "id" : "aaa0ef62-2983-4aa0-9a19-c2297372a5a1",
    "vertices" : [ {
      "x" : 40.12461,
      "y" : 0.0,
      "z" : 29.034441
    }, {
      "x" : 38.006577,
      "y" : 14.5172205,
      "z" : 23.489357
    }, {
      "x" : 17.944271,
      "y" : 0.0,
      "z" : 29.034441
    } ],
    "faces" : [ {
      "vertices" : [ 0, 1, 2 ]
    }, {
      "vertices" : [ 0, 2, 1 ]
    } ]
  }, {
    "id" : "42f48edc-18a5-4ee2-99ba-2ac3da408dbb",
    "vertices" : [ {
      "x" : -11.09017,
      "y" : 46.978714,
      "z" : -11.09017
    }, {
      "x" : 0.0,
      "y" : 46.978714,
      "z" : 0.0
    }, {
      "x" : 0.0,
      "y" : 29.034441,
      "z" : -17.944271
    } ],
    "faces" : [ {
      "vertices" : [ 0, 1, 2 ]
    }, {
      "vertices" : [ 0, 2, 1 ]
    } ]
  }, {
    "id" : "f26ff7cf-4721-4180-b1e7-242426f57be4",
    "vertices" : [ {
      "x" : 0.0,
      "y" : -29.034441,
      "z" : 17.944271
    }, {
      "x" : 14.5172205,
      "y" : -23.489357,
      "z" : 38.006577
    }, {
      "x" : 0.0,
      "y" : -12.984597,
      "z" : 33.994118
    } ],
    "faces" : [ {
      "vertices" : [ 0, 1, 2 ]
    }, {
      "vertices" : [ 0, 2, 1 ]
    } ]
  }, {
    "id" : "df3850be-97dd-48e5-9457-5e0c9d228498",
    "vertices" : [ {
      "x" : -11.09017,
      "y" : -46.978714,
      "z" : -11.09017
    }, {
      "x" : -23.489357,
      "y" : -38.006577,
      "z" : -14.5172205
    }, {
      "x" : 0.0,
      "y" : -29.034441,
      "z" : -17.944271
    } ],
    "faces" : [ {
      "vertices" : [ 0, 1, 2 ]
    }, {
      "vertices" : [ 0, 2, 1 ]
    } ]
  }, {
    "id" : "5eb4a214-5656-4631-bb44-b1bcac558b45",
    "vertices" : [ {
      "x" : -23.489357,
      "y" : -38.006577,
      "z" : 14.5172205
    }, {
      "x" : -11.09017,
      "y" : -46.978714,
      "z" : 11.09017
    }, {
      "x" : 0.0,
      "y" : -29.034441,
      "z" : 17.944271
    } ],
    "faces" : [ {
      "vertices" : [ 0, 1, 2 ]
    }, {
      "vertices" : [ 0, 2, 1 ]
    } ]
  }, {
    "id" : "7b9aaa74-67cf-4f2f-a9e9-4f6ad4b88cde",
    "vertices" : [ {
      "x" : 17.944271,
      "y" : 0.0,
      "z" : -29.034441
    }, {
      "x" : 0.0,
      "y" : 0.0,
      "z" : -46.978714
    }, {
      "x" : 0.0,
      "y" : 12.984597,
      "z" : -33.994118
    } ],
    "faces" : [ {
      "vertices" : [ 0, 1, 2 ]
    }, {
      "vertices" : [ 0, 2, 1 ]
    } ]
  }, {
    "id" : "343e38b4-88cf-432a-ba5a-58c4674a4f99",
    "vertices" : [ {
      "x" : -11.09017,
      "y" : 46.978714,
      "z" : 11.09017
    }, {
      "x" : 0.0,
      "y" : 46.978714,
      "z" : 0.0
    }, {
      "x" : -12.984597,
      "y" : 33.994118,
      "z" : 0.0
    }, {
      "x" : -23.489357,
      "y" : 38.006577,
      "z" : 14.5172205
    } ],
    "faces" : [ {
      "vertices" : [ 0, 1, 2 ]
    }, {
      "vertices" : [ 0, 2, 3 ]
    }, {
      "vertices" : [ 0, 3, 2 ]
    }, {
      "vertices" : [ 0, 2, 1 ]
    } ]
  }, {
    "id" : "a33f0c7e-98f5-4e0b-a837-df498e26c16f",
    "vertices" : [ {
      "x" : -29.034441,
      "y" : -17.944271,
      "z" : 0.0
    }, {
      "x" : -38.006577,
      "y" : -14.5172205,
      "z" : 23.489357
    }, {
      "x" : -33.994118,
      "y" : 0.0,
      "z" : 12.984597
    } ],
    "faces" : [ {
      "vertices" : [ 0, 1, 2 ]
    }, {
      "vertices" : [ 0, 2, 1 ]
    } ]
  }, {
    "id" : "638b9ad3-6c87-4491-a62b-0ff042f9a507",
    "vertices" : [ {
      "x" : -29.034441,
      "y" : -17.944271,
      "z" : 0.0
    }, {
      "x" : -38.006577,
      "y" : -14.5172205,
      "z" : -23.489357
    }, {
      "x" : -21.00952,
      "y" : -21.00952,
      "z" : -21.00952
    } ],
    "faces" : [ {
      "vertices" : [ 0, 1, 2 ]
    }, {
      "vertices" : [ 0, 2, 1 ]
    } ]
  }, {
    "id" : "5cd36c96-0697-4829-a95b-576ffc70b5c9",
    "vertices" : [ {
      "x" : -46.978714,
      "y" : -11.09017,
      "z" : 11.09017
    }, {
      "x" : -38.006577,
      "y" : -14.5172205,
      "z" : 23.489357
    }, {
      "x" : -33.994118,
      "y" : 0.0,
      "z" : 12.984597
    }, {
      "x" : -46.978714,
      "y" : 0.0,
      "z" : 0.0
    } ],
    "faces" : [ {
      "vertices" : [ 0, 1, 2 ]
    }, {
      "vertices" : [ 0, 2, 3 ]
    }, {
      "vertices" : [ 0, 3, 2 ]
    }, {
      "vertices" : [ 0, 2, 1 ]
    } ]
  }, {
    "id" : "71dc7eef-6c31-4bf4-8462-87f0404a2333",
    "vertices" : [ {
      "x" : -17.944271,
      "y" : 35.888542,
      "z" : -29.034441
    }, {
      "x" : -23.489357,
      "y" : 38.006577,
      "z" : -14.5172205
    }, {
      "x" : 0.0,
      "y" : 29.034441,
      "z" : -17.944271
    } ],
    "faces" : [ {
      "vertices" : [ 0, 1, 2 ]
    }, {
      "vertices" : [ 0, 2, 1 ]
    } ]
  }, {
    "id" : "c14a3641-a550-4e94-8dbc-f92ece4021de",
    "vertices" : [ {
      "x" : 17.944271,
      "y" : 0.0,
      "z" : -29.034441
    }, {
      "x" : 14.5172205,
      "y" : -23.489357,
      "z" : -38.006577
    }, {
      "x" : 0.0,
      "y" : -12.984597,
      "z" : -33.994118
    } ],
    "faces" : [ {
      "vertices" : [ 0, 1, 2 ]
    }, {
      "vertices" : [ 0, 2, 1 ]
    } ]
  }, {
    "id" : "f3d18a8e-5f0c-45b0-b0f9-321518d527ae",
    "vertices" : [ {
      "x" : -14.5172205,
      "y" : 23.489357,
      "z" : -38.006577
    }, {
      "x" : -17.944271,
      "y" : 35.888542,
      "z" : -29.034441
    }, {
      "x" : 0.0,
      "y" : 29.034441,
      "z" : -17.944271
    } ],
    "faces" : [ {
      "vertices" : [ 0, 1, 2 ]
    }, {
      "vertices" : [ 0, 2, 1 ]
    } ]
  }, {
    "id" : "80468188-def5-496d-a86b-4ab72a32d409",
    "vertices" : [ {
      "x" : 0.0,
      "y" : -46.978714,
      "z" : 0.0
    }, {
      "x" : 0.0,
      "y" : -29.034441,
      "z" : 17.944271
    }, {
      "x" : -12.984597,
      "y" : -33.994118,
      "z" : 0.0
    } ],
    "faces" : [ {
      "vertices" : [ 0, 1, 2 ]
    }, {
      "vertices" : [ 0, 2, 1 ]
    } ]
  }, {
    "id" : "7331b024-6e05-4660-9e50-d48ed0e6054c",
    "vertices" : [ {
      "x" : 14.5172205,
      "y" : 23.489357,
      "z" : -38.006577
    }, {
      "x" : 0.0,
      "y" : 29.034441,
      "z" : -40.12461
    }, {
      "x" : 0.0,
      "y" : 29.034441,
      "z" : -17.944271
    } ],
    "faces" : [ {
      "vertices" : [ 0, 1, 2 ]
    }, {
      "vertices" : [ 0, 2, 1 ]
    } ]
  }, {
    "id" : "dafcb357-dfc3-4e4b-becb-422616c88d78",
    "vertices" : [ {
      "x" : -23.489357,
      "y" : 38.006577,
      "z" : -14.5172205
    }, {
      "x" : -35.888542,
      "y" : 29.034441,
      "z" : -17.944271
    }, {
      "x" : -29.034441,
      "y" : 17.944271,
      "z" : 0.0
    } ],
    "faces" : [ {
      "vertices" : [ 0, 1, 2 ]
    }, {
      "vertices" : [ 0, 2, 1 ]
    } ]
  }, {
    "id" : "4863f1c9-9c89-4333-8f2b-c73a7277d752",
    "vertices" : [ {
      "x" : 23.489357,
      "y" : 38.006577,
      "z" : -14.5172205
    }, {
      "x" : 17.944271,
      "y" : 35.888542,
      "z" : -29.034441
    }, {
      "x" : 0.0,
      "y" : 29.034441,
      "z" : -17.944271
    } ],
    "faces" : [ {
      "vertices" : [ 0, 1, 2 ]
    }, {
      "vertices" : [ 0, 2, 1 ]
    } ]
  }, {
    "id" : "1a1aa1cb-84f7-4b57-8d13-d1ae5b33c813",
    "vertices" : [ {
      "x" : 35.888542,
      "y" : 29.034441,
      "z" : 17.944271
    }, {
      "x" : 23.489357,
      "y" : 38.006577,
      "z" : 14.5172205
    }, {
      "x" : 21.00952,
      "y" : 21.00952,
      "z" : 21.00952
    }, {
      "x" : 38.006577,
      "y" : 14.5172205,
      "z" : 23.489357
    } ],
    "faces" : [ {
      "vertices" : [ 0, 1, 2 ]
    }, {
      "vertices" : [ 0, 2, 3 ]
    }, {
      "vertices" : [ 0, 3, 2 ]
    }, {
      "vertices" : [ 0, 2, 1 ]
    } ]
  }, {
    "id" : "8b6c86df-74b0-400d-b1a4-388f178ccd17",
    "vertices" : [ {
      "x" : 0.0,
      "y" : 29.034441,
      "z" : -17.944271
    }, {
      "x" : -14.5172205,
      "y" : 23.489357,
      "z" : -38.006577
    }, {
      "x" : -21.00952,
      "y" : 21.00952,
      "z" : -21.00952
    } ],
    "faces" : [ {
      "vertices" : [ 0, 1, 2 ]
    }, {
      "vertices" : [ 0, 2, 1 ]
    } ]
  }, {
    "id" : "3b959dc8-59cc-4e21-80a1-a73ae00109bb",
    "vertices" : [ {
      "x" : -29.034441,
      "y" : -17.944271,
      "z" : 0.0
    }, {
      "x" : -23.489357,
      "y" : -38.006577,
      "z" : -14.5172205
    }, {
      "x" : -12.984597,
      "y" : -33.994118,
      "z" : 0.0
    } ],
    "faces" : [ {
      "vertices" : [ 0, 1, 2 ]
    }, {
      "vertices" : [ 0, 2, 1 ]
    } ]
  }, {
    "id" : "7084b1fe-78fb-4bad-a153-499d58ceb026",
    "vertices" : [ {
      "x" : -29.034441,
      "y" : 17.944271,
      "z" : 0.0
    }, {
      "x" : -46.978714,
      "y" : 0.0,
      "z" : 0.0
    }, {
      "x" : -33.994118,
      "y" : 0.0,
      "z" : 12.984597
    } ],
    "faces" : [ {
      "vertices" : [ 0, 1, 2 ]
    }, {
      "vertices" : [ 0, 2, 1 ]
    } ]
  }, {
    "id" : "c384771d-8b1e-482f-b3a2-b4de2d3a3277",
    "vertices" : [ {
      "x" : 11.09017,
      "y" : 11.09017,
      "z" : -46.978714
    }, {
      "x" : 0.0,
      "y" : 0.0,
      "z" : -46.978714
    }, {
      "x" : 0.0,
      "y" : 12.984597,
      "z" : -33.994118
    }, {
      "x" : 14.5172205,
      "y" : 23.489357,
      "z" : -38.006577
    } ],
    "faces" : [ {
      "vertices" : [ 0, 1, 2 ]
    }, {
      "vertices" : [ 0, 2, 3 ]
    }, {
      "vertices" : [ 0, 3, 2 ]
    }, {
      "vertices" : [ 0, 2, 1 ]
    } ]
  }, {
    "id" : "ab88f335-4b01-4ba7-a0a3-77af0aea2d79",
    "vertices" : [ {
      "x" : -11.09017,
      "y" : -11.09017,
      "z" : -46.978714
    }, {
      "x" : 0.0,
      "y" : 0.0,
      "z" : -46.978714
    }, {
      "x" : 0.0,
      "y" : -12.984597,
      "z" : -33.994118
    }, {
      "x" : -14.5172205,
      "y" : -23.489357,
      "z" : -38.006577
    } ],
    "faces" : [ {
      "vertices" : [ 0, 1, 2 ]
    }, {
      "vertices" : [ 0, 2, 3 ]
    }, {
      "vertices" : [ 0, 3, 2 ]
    }, {
      "vertices" : [ 0, 2, 1 ]
    } ]
  }, {
    "id" : "e4169d87-0e34-4090-9838-a83b5ae5bf49",
    "vertices" : [ {
      "x" : -23.489357,
      "y" : -38.006577,
      "z" : 14.5172205
    }, {
      "x" : 0.0,
      "y" : -29.034441,
      "z" : 17.944271
    }, {
      "x" : -21.00952,
      "y" : -21.00952,
      "z" : 21.00952
    } ],
    "faces" : [ {
      "vertices" : [ 0, 1, 2 ]
    }, {
      "vertices" : [ 0, 2, 1 ]
    } ]
  }, {
    "id" : "fb31d7cd-75da-4050-ac89-e7ec353de28a",
    "vertices" : [ {
      "x" : 29.034441,
      "y" : -17.944271,
      "z" : 0.0
    }, {
      "x" : 38.006577,
      "y" : -14.5172205,
      "z" : 23.489357
    }, {
      "x" : 21.00952,
      "y" : -21.00952,
      "z" : 21.00952
    } ],
    "faces" : [ {
      "vertices" : [ 0, 1, 2 ]
    }, {
      "vertices" : [ 0, 2, 1 ]
    } ]
  }, {
    "id" : "0276854f-975e-4298-8cb4-3066eb2f2c9e",
    "vertices" : [ {
      "x" : 29.034441,
      "y" : 17.944271,
      "z" : -35.888542
    }, {
      "x" : 38.006577,
      "y" : 14.5172205,
      "z" : -23.489357
    }, {
      "x" : 17.944271,
      "y" : 0.0,
      "z" : -29.034441
    } ],
    "faces" : [ {
      "vertices" : [ 0, 1, 2 ]
    }, {
      "vertices" : [ 0, 2, 1 ]
    } ]
  }, {
    "id" : "043fdbe4-9811-4bc5-9881-76b0b29c5ea5",
    "vertices" : [ {
      "x" : 0.0,
      "y" : 29.034441,
      "z" : -17.944271
    }, {
      "x" : 0.0,
      "y" : 46.978714,
      "z" : 0.0
    }, {
      "x" : 12.984597,
      "y" : 33.994118,
      "z" : 0.0
    } ],
    "faces" : [ {
      "vertices" : [ 0, 1, 2 ]
    }, {
      "vertices" : [ 0, 2, 1 ]
    } ]
  }, {
    "id" : "4fd4b1e3-72a9-4c73-92eb-b6a8902e3dcf",
    "vertices" : [ {
      "x" : 0.0,
      "y" : 46.978714,
      "z" : 0.0
    }, {
      "x" : 11.09017,
      "y" : 46.978714,
      "z" : -11.09017
    }, {
      "x" : 0.0,
      "y" : 29.034441,
      "z" : -17.944271
    } ],
    "faces" : [ {
      "vertices" : [ 0, 1, 2 ]
    }, {
      "vertices" : [ 0, 2, 1 ]
    } ]
  }, {
    "id" : "63ec11c9-e4b6-446d-b8ea-9d5f380532b0",
    "vertices" : [ {
      "x" : 23.489357,
      "y" : -38.006577,
      "z" : 14.5172205
    }, {
      "x" : 0.0,
      "y" : -29.034441,
      "z" : 17.944271
    }, {
      "x" : 12.984597,
      "y" : -33.994118,
      "z" : 0.0
    } ],
    "faces" : [ {
      "vertices" : [ 0, 1, 2 ]
    }, {
      "vertices" : [ 0, 2, 1 ]
    } ]
  }, {
    "id" : "9802ff4a-a898-4dbc-857e-022ce5359e03",
    "vertices" : [ {
      "x" : -38.006577,
      "y" : 14.5172205,
      "z" : -23.489357
    }, {
