{
  "field" : "golden",
  "symmetry" : "icosahedral",
  "orientations" : [ [ 1.0, 0.0, 0.0, 0.0, 0.0, 1.0, 0.0, 0.0, 0.0, 0.0, 1.0, 0.0, 0.0, 0.0, 0.0, 1.0 ], [ 0.0, 0.0, 1.0, 0.0, 1.0, 0.0, 0.0, 0.0, 0.0, 1.0, 0.0, 0.0, 0.0, 0.0, 0.0, 1.0 ], [ 0.0, 1.0, 0.0, 0.0, 0.0, 0.0, 1.0, 0.0, 1.0, 0.0, 0.0, 0.0, 0.0, 0.0, 0.0, 1.0 ], [ 0.809017, 0.309017, 0.5, 0.0, 0.309017, 0.5, -0.809017, 0.0, -0.5, 0.809017, 0.309017, 0.0, 0.0, 0.0, 0.0, 1.0 ], [ -0.5, 0.809017, 0.309017, 0.0, 0.809017, 0.309017, 0.5, 0.0, 0.309017, 0.5, -0.809017, 0.0, 0.0, 0.0, 0.0, 1.0 ], [ 0.309017, 0.5, -0.809017, 0.0, -0.5, 0.809017, 0.309017, 0.0, 0.809017, 0.309017, 0.5, 0.0, 0.0, 0.0, 0.0, 1.0 ], [ 0.5, 0.809017, 0.309017, 0.0, 0.809017, -0.309017, -0.5, 0.0, -0.309017, 0.5, -0.809017, 0.0, 0.0, 0.0, 0.0, 1.0 ], [ -0.309017, 0.5, -0.809017, 0.0, 0.5, 0.809017, 0.309017, 0.0, 0.809017, -0.309017, -0.5, 0.0, 0.0, 0.0, 0.0, 1.0 ], [ 0.809017, -0.309017, -0.5, 0.0, -0.309017, 0.5, -0.809017, 0.0, 0.5, 0.809017, 0.309017, 0.0, 0.0, 0.0, 0.0, 1.0 ], [ 0.5, 0.809017, -0.309017, 0.0, 0.809017, -0.309017, 0.5, 0.0, 0.309017, -0.5, -0.809017, 0.0, 0.0, 0.0, 0.0, 1.0 ], [ 0.309017, -0.5, -0.809017, 0.0, 0.5, 0.809017, -0.309017, 0.0, 0.809017, -0.309017, 0.5, 0.0, 0.0, 0.0, 0.0, 1.0 ], [ 0.809017, -0.309017, 0.5, 0.0, 0.309017, -0.5, -0.809017, 0.0, 0.5, 0.809017, -0.309017, 0.0, 0.0, 0.0, 0.0, 1.0 ], [ 0.809017, 0.309017, -0.5, 0.0, 0.309017, 0.5, 0.809017, 0.0, 0.5, -0.809017, 0.309017, 0.0, 0.0, 0.0, 0.0, 1.0 ], [ 0.5, -0.809017, 0.309017, 0.0, 0.809017, 0.309017, -0.5, 0.0, 0.309017, 0.5, 0.809017, 0.0, 0.0, 0.0, 0.0, 1.0 ], [ 0.309017, 0.5, 0.809017, 0.0, 0.5, -0.809017, 0.309017, 0.0, 0.809017, 0.309017, -0.5, 0.0, 0.0, 0.0, 0.0, 1.0 ], [ 1.0, 0.0, 0.0, 0.0, 0.0, -1.0, 0.0, 0.0, 0.0, 0.0, -1.0, 0.0, 0.0, 0.0, 0.0, 1.0 ], [ 0.0, 0.0, 1.0, 0.0, -1.0, 0.0, 0.0, 0.0, 0.0, -1.0, 0.0, 0.0, 0.0, 0.0, 0.0, 1.0 ], [ 0.0, 1.0, 0.0, 0.0, 0.0, 0.0, -1.0, 0.0, -1.0, 0.0, 0.0, 0.0, 0.0, 0.0, 0.0, 1.0 ], [ 0.809017, 0.309017, 0.5, 0.0, -0.309017, -0.5, 0.809017, 0.0, 0.5, -0.809017, -0.309017, 0.0, 0.0, 0.0, 0.0, 1.0 ], [ -0.5, 0.809017, 0.309017, 0.0, -0.809017, -0.309017, -0.5, 0.0, -0.309017, -0.5, 0.809017, 0.0, 0.0, 0.0, 0.0, 1.0 ], [ 0.309017, 0.5, -0.809017, 0.0, 0.5, -0.809017, -0.309017, 0.0, -0.809017, -0.309017, -0.5, 0.0, 0.0, 0.0, 0.0, 1.0 ], [ 0.5, 0.809017, 0.309017, 0.0, -0.809017, 0.309017, 0.5, 0.0, 0.309017, -0.5, 0.809017, 0.0, 0.0, 0.0, 0.0, 1.0 ], [ -0.309017, 0.5, -0.809017, 0.0, -0.5, -0.809017, -0.309017, 0.0, -0.809017, 0.309017, 0.5, 0.0, 0.0, 0.0, 0.0, 1.0 ], [ 0.809017, -0.309017, -0.5, 0.0, 0.309017, -0.5, 0.809017, 0.0, -0.5, -0.809017, -0.309017, 0.0, 0.0, 0.0, 0.0, 1.0 ], [ 0.5, 0.809017, -0.309017, 0.0, -0.809017, 0.309017, -0.5, 0.0, -0.309017, 0.5, 0.809017, 0.0, 0.0, 0.0, 0.0, 1.0 ], [ 0.309017, -0.5, -0.809017, 0.0, -0.5, -0.809017, 0.309017, 0.0, -0.809017, 0.309017, -0.5, 0.0, 0.0, 0.0, 0.0, 1.0 ], [ 0.809017, -0.309017, 0.5, 0.0, -0.309017, 0.5, 0.809017, 0.0, -0.5, -0.809017, 0.309017, 0.0, 0.0, 0.0, 0.0, 1.0 ], [ 0.809017, 0.309017, -0.5, 0.0, -0.309017, -0.5, -0.809017, 0.0, -0.5, 0.809017, -0.309017, 0.0, 0.0, 0.0, 0.0, 1.0 ], [ 0.5, -0.809017, 0.309017, 0.0, -0.809017, -0.309017, 0.5, 0.0, -0.309017, -0.5, -0.809017, 0.0, 0.0, 0.0, 0.0, 1.0 ], [ 0.309017, 0.5, 0.809017, 0.0, -0.5, 0.809017, -0.309017, 0.0, -0.809017, -0.309017, 0.5, 0.0, 0.0, 0.0, 0.0, 1.0 ], [ -1.0, 0.0, 0.0, 0.0, 0.0, -1.0, 0.0, 0.0, 0.0, 0.0, 1.0, 0.0, 0.0, 0.0, 0.0, 1.0 ], [ 0.0, 0.0, -1.0, 0.0, -1.0, 0.0, 0.0, 0.0, 0.0, 1.0, 0.0, 0.0, 0.0, 0.0, 0.0, 1.0 ], [ 0.0, -1.0, 0.0, 0.0, 0.0, 0.0, -1.0, 0.0, 1.0, 0.0, 0.0, 0.0, 0.0, 0.0, 0.0, 1.0 ], [ -0.809017, -0.309017, -0.5, 0.0, -0.309017, -0.5, 0.809017, 0.0, -0.5, 0.809017, 0.309017, 0.0, 0.0, 0.0, 0.0, 1.0 ], [ 0.5, -0.809017, -0.309017, 0.0, -0.809017, -0.309017, -0.5, 0.0, 0.309017, 0.5, -0.809017, 0.0, 0.0, 0.0, 0.0, 1.0 ], [ -0.309017, -0.5, 0.809017, 0.0, 0.5, -0.809017, -0.309017, 0.0, 0.809017, 0.309017, 0.5, 0.0, 0.0, 0.0, 0.0, 1.0 ], [ -0.5, -0.809017, -0.309017, 0.0, -0.809017, 0.309017, 0.5, 0.0, -0.309017, 0.5, -0.809017, 0.0, 0.0, 0.0, 0.0, 1.0 ], [ 0.309017, -0.5, 0.809017, 0.0, -0.5, -0.809017, -0.309017, 0.0, 0.809017, -0.309017, -0.5, 0.0, 0.0, 0.0, 0.0, 1.0 ], [ -0.809017, 0.309017, 0.5, 0.0, 0.309017, -0.5, 0.809017, 0.0, 0.5, 0.809017, 0.309017, 0.0, 0.0, 0.0, 0.0, 1.0 ], [ -0.5, -0.809017, 0.309017, 0.0, -0.809017, 0.309017, -0.5, 0.0, 0.309017, -0.5, -0.809017, 0.0, 0.0, 0.0, 0.0, 1.0 ], [ -0.309017, 0.5, 0.809017, 0.0, -0.5, -0.809017, 0.309017, 0.0, 0.809017, -0.309017, 0.5, 0.0, 0.0, 0.0, 0.0, 1.0 ], [ -0.809017, 0.309017, -0.5, 0.0, -0.309017, 0.5, 0.809017, 0.0, 0.5, 0.809017, -0.309017, 0.0, 0.0, 0.0, 0.0, 1.0 ], [ -0.809017, -0.309017, 0.5, 0.0, -0.309017, -0.5, -0.809017, 0.0, 0.5, -0.809017, 0.309017, 0.0, 0.0, 0.0, 0.0, 1.0 ], [ -0.5, 0.809017, -0.309017, 0.0, -0.809017, -0.309017, 0.5, 0.0, 0.309017, 0.5, 0.809017, 0.0, 0.0, 0.0, 0.0, 1.0 ], [ -0.309017, -0.5, -0.809017, 0.0, -0.5, 0.809017, -0.309017, 0.0, 0.809017, 0.309017, -0.5, 0.0, 0.0, 0.0, 0.0, 1.0 ], [ -1.0, 0.0, 0.0, 0.0, 0.0, 1.0, 0.0, 0.0, 0.0, 0.0, -1.0, 0.0, 0.0, 0.0, 0.0, 1.0 ], [ 0.0, 0.0, -1.0, 0.0, 1.0, 0.0, 0.0, 0.0, 0.0, -1.0, 0.0, 0.0, 0.0, 0.0, 0.0, 1.0 ], [ 0.0, -1.0, 0.0, 0.0, 0.0, 0.0, 1.0, 0.0, -1.0, 0.0, 0.0, 0.0, 0.0, 0.0, 0.0, 1.0 ], [ -0.809017, -0.309017, -0.5, 0.0, 0.309017, 0.5, -0.809017, 0.0, 0.5, -0.809017, -0.309017, 0.0, 0.0, 0.0, 0.0, 1.0 ], [ 0.5, -0.809017, -0.309017, 0.0, 0.809017, 0.309017, 0.5, 0.0, -0.309017, -0.5, 0.809017, 0.0, 0.0, 0.0, 0.0, 1.0 ], [ -0.309017, -0.5, 0.809017, 0.0, -0.5, 0.809017, 0.309017, 0.0, -0.809017, -0.309017, -0.5, 0.0, 0.0, 0.0, 0.0, 1.0 ], [ -0.5, -0.809017, -0.309017, 0.0, 0.809017, -0.309017, -0.5, 0.0, 0.309017, -0.5, 0.809017, 0.0, 0.0, 0.0, 0.0, 1.0 ], [ 0.309017, -0.5, 0.809017, 0.0, 0.5, 0.809017, 0.309017, 0.0, -0.809017, 0.309017, 0.5, 0.0, 0.0, 0.0, 0.0, 1.0 ], [ -0.809017, 0.309017, 0.5, 0.0, -0.309017, 0.5, -0.809017, 0.0, -0.5, -0.809017, -0.309017, 0.0, 0.0, 0.0, 0.0, 1.0 ], [ -0.5, -0.809017, 0.309017, 0.0, 0.809017, -0.309017, 0.5, 0.0, -0.309017, 0.5, 0.809017, 0.0, 0.0, 0.0, 0.0, 1.0 ], [ -0.309017, 0.5, 0.809017, 0.0, 0.5, 0.809017, -0.309017, 0.0, -0.809017, 0.309017, -0.5, 0.0, 0.0, 0.0, 0.0, 1.0 ], [ -0.809017, 0.309017, -0.5, 0.0, 0.309017, -0.5, -0.809017, 0.0, -0.5, -0.809017, 0.309017, 0.0, 0.0, 0.0, 0.0, 1.0 ], [ -0.809017, -0.309017, 0.5, 0.0, 0.309017, 0.5, 0.809017, 0.0, -0.5, 0.809017, -0.309017, 0.0, 0.0, 0.0, 0.0, 1.0 ], [ -0.5, 0.809017, -0.309017, 0.0, 0.809017, 0.309017, -0.5, 0.0, -0.309017, -0.5, -0.809017, 0.0, 0.0, 0.0, 0.0, 1.0 ], [ -0.309017, -0.5, -0.809017, 0.0, 0.5, -0.809017, 0.309017, 0.0, -0.809017, -0.309017, 0.5, 0.0, 0.0, 0.0, 0.0, 1.0 ] ],
  "lights" : {
    "directionalLights" : [ {
      "direction" : [ 1.0, -1.0, -1.0 ],
      "color" : "#EBEBE4"
    }, {
      "direction" : [ -1.0, 0.0, 0.0 ],
      "color" : "#E4E4EB"
    }, {
      "direction" : [ 0.0, 0.0, -1.0 ],
      "color" : "#1E1E1E"
    } ],
    "ambientColor" : "#292929",
    "backgroundColor" : "#AFC8DC"
  },
  "camera" : {
    "position" : {
      "x" : -7.441156,
      "y" : 56.66597,
      "z" : 349.20627
    },
    "perspective" : true,
    "viewDistance" : 353.8522,
    "nearClipDistance" : 0.88463044,
    "farClipDistance" : 707.70374,
    "lookAtPoint" : {
      "x" : 0.0,
      "y" : 0.0,
      "z" : 0.0
    },
    "fieldOfView" : 0.44262892,
    "lookDirection" : {
      "x" : 0.021028994,
      "y" : -0.16014022,
      "z" : -0.9868704
    },
    "upDirection" : {
      "x" : -0.18730924,
      "y" : 0.9689805,
      "z" : -0.16122565
    },
    "stereo" : false,
    "width" : 159.2335
  },
  "embedding" : [ 1.0, 0.0, 0.0, 0.0, 0.0, 1.0, 0.0, 0.0, 0.0, 0.0, 1.0, 0.0, 0.0, 0.0, 0.0, 1.0 ],
  "shapes" : [ {
    "id" : "6a04aaef-a278-4dd6-a080-c9c6b8aef4b5",
    "vertices" : [ {
      "x" : 14.208204,
      "y" : 5.427051,
      "z" : -2.072949
    }, {
      "x" : 13.826238,
      "y" : 4.972136,
      "z" : -1.881966
    }, {
      "x" : 13.663119,
      "y" : 5.236068,
      "z" : -2.309017
    }, {
      "x" : 13.59017,
      "y" : 5.5,
      "z" : -2.118034
    }, {
      "x" : 0.85410196,
      "y" : 0.309017,
      "z" : 0.19098301
    }, {
      "x" : 0.690983,
      "y" : 0.572949,
      "z" : -0.23606798
    }, {
      "x" : 0.309017,
      "y" : 0.11803399,
      "z" : -0.045084972
    }, {
      "x" : 0.76393205,
      "y" : 0.309017,
      "z" : -0.42705098
    }, {
      "x" : 0.927051,
      "y" : 0.045084972,
      "z" : 0.0
    }, {
      "x" : 13.753289,
      "y" : 5.236068,
      "z" : -1.690983
    }, {
      "x" : 14.5172205,
      "y" : 5.545085,
      "z" : -2.118034
    } ],
    "faces" : [ {
      "vertices" : [ 2, 7, 5 ]
    }, {
      "vertices" : [ 2, 5, 3 ]
    }, {
      "vertices" : [ 1, 8, 7 ]
    }, {
      "vertices" : [ 1, 7, 2 ]
    }, {
      "vertices" : [ 4, 6, 8 ]
    }, {
      "vertices" : [ 5, 7, 6 ]
    }, {
      "vertices" : [ 0, 1, 2 ]
    }, {
      "vertices" : [ 0, 2, 3 ]
    }, {
      "vertices" : [ 6, 7, 8 ]
    }, {
      "vertices" : [ 3, 5, 4 ]
    }, {
      "vertices" : [ 3, 4, 9 ]
    }, {
      "vertices" : [ 1, 9, 4 ]
    }, {
      "vertices" : [ 1, 4, 8 ]
    }, {
      "vertices" : [ 0, 9, 1 ]
    }, {
      "vertices" : [ 0, 3, 9 ]
    }, {
      "vertices" : [ 4, 5, 6 ]
    } ]
  }, {
    "id" : "85dddd4e-7751-46ae-88bc-1f1e2e9c3dc8",
    "vertices" : [ {
      "x" : 29.034441,
      "y" : -17.944271,
      "z" : 35.888542
    }, {
      "x" : 14.5172205,
      "y" : -23.489357,
      "z" : 38.006577
    }, {
      "x" : 21.00952,
      "y" : -21.00952,
      "z" : 21.00952
    }, {
      "x" : 38.006577,
      "y" : -14.5172205,
      "z" : 23.489357
    } ],
    "faces" : [ {
      "vertices" : [ 0, 1, 2 ]
    }, {
      "vertices" : [ 0, 2, 3 ]
    }, {
      "vertices" : [ 0, 3, 2 ]
    }, {
      "vertices" : [ 0, 2, 1 ]
    } ]
  }, {
    "id" : "047df5b5-206d-4ee6-bf40-2d67e1a22839",
    "vertices" : [ {
      "x" : 1.0,
      "y" : 0.309017,
      "z" : 0.19098301
    }, {
      "x" : 1.0,
      "y" : -0.309017,
      "z" : 0.19098301
    }, {
      "x" : 34.888542,
      "y" : -0.309017,
      "z" : 0.19098301
    }, {
      "x" : 34.888542,
      "y" : 0.309017,
      "z" : 0.19098301
    }, {
      "x" : 34.888542,
      "y" : -0.309017,
      "z" : -0.19098301
    }, {
      "x" : 34.888542,
      "y" : 0.309017,
      "z" : -0.19098301
    }, {
      "x" : 35.506577,
      "y" : 0.0,
      "z" : 0.0
    }, {
      "x" : 0.38196602,
      "y" : 0.0,
      "z" : 0.0
    }, {
      "x" : 1.0,
      "y" : 0.309017,
      "z" : -0.19098301
    }, {
      "x" : 1.0,
      "y" : -0.309017,
      "z" : -0.19098301
    }, {
      "x" : 35.888542,
      "y" : 0.0,
      "z" : 0.0
    } ],
    "faces" : [ {
      "vertices" : [ 1, 9, 4 ]
    }, {
      "vertices" : [ 1, 4, 2 ]
    }, {
      "vertices" : [ 0, 3, 5 ]
    }, {
      "vertices" : [ 0, 5, 8 ]
    }, {
      "vertices" : [ 1, 7, 9 ]
    }, {
      "vertices" : [ 0, 1, 2 ]
    }, {
      "vertices" : [ 0, 2, 3 ]
    }, {
      "vertices" : [ 7, 8, 9 ]
    }, {
      "vertices" : [ 0, 7, 1 ]
    }, {
      "vertices" : [ 4, 9, 8 ]
    }, {
      "vertices" : [ 4, 8, 5 ]
    }, {
      "vertices" : [ 2, 6, 3 ]
    }, {
      "vertices" : [ 2, 4, 6 ]
    }, {
      "vertices" : [ 3, 6, 5 ]
    }, {
      "vertices" : [ 4, 5, 6 ]
    }, {
      "vertices" : [ 0, 8, 7 ]
    } ]
  }, {
    "id" : "57b800d5-9b92-4c2e-bcc7-6abfd80f4c9e",
    "vertices" : [ {
      "x" : 38.006577,
      "y" : 14.5172205,
      "z" : -23.489357
    }, {
      "x" : 46.978714,
      "y" : 46.978714,
      "z" : -46.978714
    }, {
      "x" : 35.888542,
      "y" : 29.034441,
      "z" : -17.944271
    } ],
    "faces" : [ {
      "vertices" : [ 0, 1, 2 ]
    }, {
      "vertices" : [ 0, 2, 1 ]
    } ]
  }, {
    "id" : "0abb0f3d-b8e0-4662-8d69-14be01aa15cb",
    "vertices" : [ {
      "x" : 16.688042,
      "y" : 6.3742647,
      "z" : -2.4347525
    }, {
      "x" : 16.306076,
      "y" : 5.9193497,
      "z" : -2.2437694
    }, {
      "x" : 16.142956,
      "y" : 6.1832814,
      "z" : -2.6708205
    }, {
      "x" : 16.070007,
      "y" : 6.4472136,
      "z" : -2.4798374
    }, {
      "x" : 0.85410196,
      "y" : 0.309017,
      "z" : 0.19098301
    }, {
      "x" : 0.690983,
      "y" : 0.572949,
      "z" : -0.23606798
    }, {
      "x" : 0.309017,
      "y" : 0.11803399,
      "z" : -0.045084972
    }, {
      "x" : 0.76393205,
      "y" : 0.309017,
      "z" : -0.42705098
    }, {
      "x" : 0.927051,
      "y" : 0.045084972,
      "z" : 0.0
    }, {
      "x" : 16.233126,
      "y" : 6.1832814,
      "z" : -2.0527864
    }, {
      "x" : 16.997059,
      "y" : 6.4922986,
      "z" : -2.4798374
    } ],
    "faces" : [ {
      "vertices" : [ 2, 7, 5 ]
    }, {
      "vertices" : [ 2, 5, 3 ]
    }, {
      "vertices" : [ 1, 8, 7 ]
    }, {
      "vertices" : [ 1, 7, 2 ]
    }, {
      "vertices" : [ 4, 6, 8 ]
    }, {
      "vertices" : [ 5, 7, 6 ]
    }, {
      "vertices" : [ 0, 1, 2 ]
    }, {
      "vertices" : [ 0, 2, 3 ]
    }, {
      "vertices" : [ 6, 7, 8 ]
    }, {
      "vertices" : [ 3, 5, 4 ]
    }, {
      "vertices" : [ 3, 4, 9 ]
    }, {
      "vertices" : [ 1, 9, 4 ]
    }, {
      "vertices" : [ 1, 4, 8 ]
    }, {
      "vertices" : [ 0, 9, 1 ]
    }, {
      "vertices" : [ 0, 3, 9 ]
    }, {
      "vertices" : [ 4, 5, 6 ]
    } ]
  }, {
    "id" : "f1633b5c-a119-4a16-8262-b05203d0dfd4",
    "vertices" : [ {
      "x" : -35.888542,
      "y" : -29.034441,
      "z" : -17.944271
    }, {
      "x" : -46.978714,
      "y" : -46.978714,
      "z" : -46.978714
    }, {
      "x" : -23.489357,
      "y" : -38.006577,
      "z" : -14.5172205
    } ],
    "faces" : [ {
      "vertices" : [ 0, 1, 2 ]
    }, {
      "vertices" : [ 0, 2, 1 ]
    } ]
  }, {
    "id" : "d8ee31b8-6acd-45dd-92bd-81d5a7b4d873",
    "vertices" : [ {
      "x" : 29.034441,
      "y" : -17.944271,
      "z" : 35.888542
    }, {
      "x" : 46.978714,
      "y" : -46.978714,
      "z" : 46.978714
    }, {
      "x" : 38.006577,
      "y" : -14.5172205,
      "z" : 23.489357
    } ],
    "faces" : [ {
      "vertices" : [ 0, 1, 2 ]
    }, {
      "vertices" : [ 0, 2, 1 ]
    } ]
  }, {
    "id" : "8b9c4751-e9e5-472d-8e08-97bce2c1ecb5",
    "vertices" : [ {
      "x" : 46.978714,
      "y" : 11.09017,
      "z" : -11.09017
    }, {
      "x" : 76.01315,
      "y" : 0.0,
      "z" : -29.034441
    }, {
      "x" : 38.006577,
      "y" : 14.5172205,
      "z" : -23.489357
    } ],
    "faces" : [ {
      "vertices" : [ 0, 1, 2 ]
    }, {
      "vertices" : [ 0, 2, 1 ]
    } ]
  }, {
    "id" : "eab8f989-f1eb-4a47-ab67-b2b9cb592888",
    "vertices" : [ {
      "x" : 29.034441,
      "y" : 40.12461,
      "z" : 0.0
    }, {
      "x" : 29.034441,
      "y" : 76.01315,
      "z" : 0.0
    }, {
      "x" : 23.489357,
      "y" : 38.006577,
      "z" : 14.5172205
    } ],
    "faces" : [ {
      "vertices" : [ 0, 1, 2 ]
    }, {
      "vertices" : [ 0, 2, 1 ]
    } ]
  }, {
    "id" : "19e6bf53-2430-4b0c-9440-d1b2159811d6",
    "vertices" : [ {
      "x" : -35.888542,
      "y" : -29.034441,
      "z" : 17.944271
    }, {
      "x" : -46.978714,
      "y" : -46.978714,
      "z" : 46.978714
    }, {
      "x" : -38.006577,
      "y" : -14.5172205,
      "z" : 23.489357
    } ],
    "faces" : [ {
      "vertices" : [ 0, 1, 2 ]
    }, {
      "vertices" : [ 0, 2, 1 ]
    } ]
  }, {
    "id" : "38bb86ca-728b-4456-8faa-283ba4e2ae93",
    "vertices" : [ {
      "x" : -23.489357,
      "y" : 38.006577,
      "z" : -14.5172205
    }, {
      "x" : -46.978714,
      "y" : 46.978714,
      "z" : -46.978714
    }, {
      "x" : -35.888542,
      "y" : 29.034441,
      "z" : -17.944271
    } ],
    "faces" : [ {
      "vertices" : [ 0, 1, 2 ]
    }, {
      "vertices" : [ 0, 2, 1 ]
    } ]
  }, {
    "id" : "ddd21b84-17c7-4cee-8433-3c46973bb801",
    "vertices" : [ {
      "x" : 37.69756,
      "y" : 14.399187,
      "z" : -5.5
    }, {
      "x" : 37.315594,
      "y" : 13.944272,
      "z" : -5.309017
    }, {
      "x" : 37.152477,
      "y" : 14.208204,
      "z" : -5.736068
    }, {
      "x" : 37.079525,
      "y" : 14.472136,
      "z" : -5.545085
    }, {
      "x" : 0.85410196,
      "y" : 0.309017,
      "z" : 0.19098301
    }, {
      "x" : 0.690983,
      "y" : 0.572949,
      "z" : -0.23606798
    }, {
      "x" : 0.309017,
      "y" : 0.11803399,
      "z" : -0.045084972
    }, {
      "x" : 0.76393205,
      "y" : 0.309017,
      "z" : -0.42705098
    }, {
      "x" : 0.927051,
      "y" : 0.045084972,
      "z" : 0.0
    }, {
      "x" : 37.242645,
      "y" : 14.208204,
      "z" : -5.118034
    }, {
      "x" : 38.006577,
      "y" : 14.5172205,
      "z" : -5.545085
    } ],
    "faces" : [ {
      "vertices" : [ 2, 7, 5 ]
    }, {
      "vertices" : [ 2, 5, 3 ]
    }, {
      "vertices" : [ 1, 8, 7 ]
    }, {
      "vertices" : [ 1, 7, 2 ]
    }, {
      "vertices" : [ 4, 6, 8 ]
    }, {
      "vertices" : [ 5, 7, 6 ]
    }, {
      "vertices" : [ 0, 1, 2 ]
    }, {
      "vertices" : [ 0, 2, 3 ]
    }, {
      "vertices" : [ 6, 7, 8 ]
    }, {
      "vertices" : [ 3, 5, 4 ]
    }, {
      "vertices" : [ 3, 4, 9 ]
    }, {
      "vertices" : [ 1, 9, 4 ]
    }, {
      "vertices" : [ 1, 4, 8 ]
    }, {
      "vertices" : [ 0, 9, 1 ]
    }, {
      "vertices" : [ 0, 3, 9 ]
    }, {
      "vertices" : [ 4, 5, 6 ]
    } ]
  }, {
    "id" : "9cc57397-620e-44e3-bba6-0a00c873109a",
    "vertices" : [ {
      "x" : -11.09017,
      "y" : -46.978714,
      "z" : 11.09017
    }, {
      "x" : -29.034441,
      "y" : -76.01315,
      "z" : 0.0
    }, {
      "x" : 0.0,
      "y" : -46.978714,
      "z" : 0.0
    } ],
    "faces" : [ {
      "vertices" : [ 0, 1, 2 ]
    }, {
      "vertices" : [ 0, 2, 1 ]
    } ]
  }, {
    "id" : "d06cdbb5-6dc6-4b34-9a50-d5ce2685416e",
    "vertices" : [ {
      "x" : -14.5172205,
      "y" : -23.489357,
      "z" : -38.006577
    }, {
      "x" : -46.978714,
      "y" : -46.978714,
      "z" : -46.978714
    }, {
      "x" : -29.034441,
      "y" : -17.944271,
      "z" : -35.888542
    } ],
    "faces" : [ {
      "vertices" : [ 0, 1, 2 ]
    }, {
      "vertices" : [ 0, 2, 1 ]
    } ]
  }, {
    "id" : "5f090f98-d9d6-4076-936c-359e2816ac33",
    "vertices" : [ {
      "x" : -29.034441,
      "y" : 17.944271,
      "z" : -35.888542
    }, {
      "x" : -38.006577,
      "y" : 14.5172205,
      "z" : -23.489357
    }, {
      "x" : -21.00952,
      "y" : 21.00952,
      "z" : -21.00952
    }, {
      "x" : -14.5172205,
      "y" : 23.489357,
      "z" : -38.006577
    } ],
    "faces" : [ {
      "vertices" : [ 0, 1, 2 ]
    }, {
      "vertices" : [ 0, 2, 3 ]
    }, {
      "vertices" : [ 0, 3, 2 ]
    }, {
      "vertices" : [ 0, 2, 1 ]
    } ]
  }, {
    "id" : "f0ff80f1-6130-4ad5-8eae-3d7c484fada1",
    "vertices" : [ {
      "x" : -46.978714,
      "y" : 11.09017,
      "z" : -11.09017
    }, {
      "x" : -38.006577,
      "y" : 14.5172205,
      "z" : -23.489357
    }, {
      "x" : -33.994118,
      "y" : 0.0,
      "z" : -12.984597
    }, {
      "x" : -46.978714,
      "y" : 0.0,
      "z" : 0.0
    } ],
    "faces" : [ {
      "vertices" : [ 0, 1, 2 ]
    }, {
      "vertices" : [ 0, 2, 3 ]
    }, {
      "vertices" : [ 0, 3, 2 ]
    }, {
      "vertices" : [ 0, 2, 1 ]
    } ]
  }, {
    "id" : "7159e61b-c51e-49fa-96ed-216e92ae5e05",
    "vertices" : [ {
      "x" : -38.006577,
      "y" : 14.5172205,
      "z" : -23.489357
    }, {
      "x" : -46.978714,
      "y" : 46.978714,
      "z" : -46.978714
    }, {
      "x" : -29.034441,
      "y" : 17.944271,
      "z" : -35.888542
    } ],
    "faces" : [ {
      "vertices" : [ 0, 1, 2 ]
    }, {
      "vertices" : [ 0, 2, 1 ]
    } ]
  }, {
    "id" : "8fc29668-3f94-4d78-a974-89a06073f0d9",
    "vertices" : [ {
      "x" : -35.888542,
      "y" : 29.034441,
      "z" : -17.944271
    }, {
      "x" : -23.489357,
      "y" : 38.006577,
      "z" : -14.5172205
    }, {
      "x" : -21.00952,
      "y" : 21.00952,
      "z" : -21.00952
    }, {
      "x" : -38.006577,
      "y" : 14.5172205,
      "z" : -23.489357
    } ],
    "faces" : [ {
      "vertices" : [ 0, 1, 2 ]
    }, {
      "vertices" : [ 0, 2, 3 ]
    }, {
      "vertices" : [ 0, 3, 2 ]
    }, {
      "vertices" : [ 0, 2, 1 ]
    } ]
  }, {
    "id" : "372ec1a6-2631-4fa3-99fb-004d4cfa1849",
    "vertices" : [ {
      "x" : 0.0,
      "y" : 0.0,
      "z" : -46.978714
    }, {
      "x" : 0.0,
      "y" : -29.034441,
      "z" : -76.01315
    }, {
      "x" : -11.09017,
      "y" : -11.09017,
      "z" : -46.978714
    } ],
    "faces" : [ {
      "vertices" : [ 0, 1, 2 ]
    }, {
      "vertices" : [ 0, 2, 1 ]
    } ]
  }, {
    "id" : "5fa80e8d-5c8a-408e-8ca4-745491af2451",
    "vertices" : [ {
      "x" : -14.5172205,
      "y" : 23.489357,
      "z" : -38.006577
    }, {
      "x" : 0.0,
      "y" : 29.034441,
      "z" : -76.01315
    }, {
      "x" : -11.09017,
      "y" : 11.09017,
      "z" : -46.978714
    } ],
    "faces" : [ {
      "vertices" : [ 0, 1, 2 ]
    }, {
      "vertices" : [ 0, 2, 1 ]
    } ]
  }, {
    "id" : "1aa10684-cd1b-46e6-9473-3a1d996084c6",
    "vertices" : [ {
      "x" : -29.034441,
      "y" : -17.944271,
      "z" : -35.888542
    }, {
      "x" : -46.978714,
      "y" : -46.978714,
      "z" : -46.978714
    }, {
      "x" : -38.006577,
      "y" : -14.5172205,
      "z" : -23.489357
    } ],
    "faces" : [ {
      "vertices" : [ 0, 1, 2 ]
    }, {
      "vertices" : [ 0, 2, 1 ]
    } ]
  }, {
    "id" : "eec24dbd-6630-45fc-87f7-3faf454842e4",
    "vertices" : [ {
      "x" : 40.12461,
      "y" : 0.0,
      "z" : 29.034441
    }, {
      "x" : 38.006577,
      "y" : -14.5172205,
      "z" : 23.489357
    }, {
      "x" : 33.994118,
      "y" : 0.0,
      "z" : 12.984597
    }, {
      "x" : 38.006577,
      "y" : 14.5172205,
      "z" : 23.489357
    } ],
    "faces" : [ {
      "vertices" : [ 0, 1, 2 ]
    }, {
      "vertices" : [ 0, 2, 3 ]
    }, {
      "vertices" : [ 0, 3, 2 ]
    }, {
      "vertices" : [ 0, 2, 1 ]
    } ]
  }, {
    "id" : "4853e2fb-c2ca-434e-b826-1aac09312a4f",
    "vertices" : [ {
      "x" : -46.978714,
      "y" : -11.09017,
      "z" : -11.09017
    }, {
      "x" : -76.01315,
      "y" : 0.0,
      "z" : -29.034441
    }, {
      "x" : -38.006577,
      "y" : -14.5172205,
      "z" : -23.489357
    } ],
    "faces" : [ {
      "vertices" : [ 0, 1, 2 ]
    }, {
      "vertices" : [ 0, 2, 1 ]
    } ]
  }, {
    "id" : "b8599081-4a1d-407e-ae0b-b3e3c6fa90a9",
    "vertices" : [ {
      "x" : 29.034441,
      "y" : 40.12461,
      "z" : 0.0
    }, {
      "x" : 23.489357,
      "y" : 38.006577,
      "z" : -14.5172205
    }, {
      "x" : 12.984597,
      "y" : 33.994118,
      "z" : 0.0
    }, {
      "x" : 23.489357,
      "y" : 38.006577,
      "z" : 14.5172205
    } ],
    "faces" : [ {
      "vertices" : [ 0, 1, 2 ]
    }, {
      "vertices" : [ 0, 2, 3 ]
    }, {
      "vertices" : [ 0, 3, 2 ]
    }, {
      "vertices" : [ 0, 2, 1 ]
    } ]
  }, {
    "id" : "cd0856ba-e0d1-483c-95ab-e8c5e74c836a",
    "vertices" : [ {
      "x" : 14.5172205,
      "y" : -23.489357,
      "z" : 38.006577
    }, {
      "x" : 46.978714,
      "y" : -46.978714,
      "z" : 46.978714
    }, {
      "x" : 29.034441,
      "y" : -17.944271,
      "z" : 35.888542
    } ],
    "faces" : [ {
      "vertices" : [ 0, 1, 2 ]
    }, {
      "vertices" : [ 0, 2, 1 ]
    } ]
  }, {
    "id" : "5c5179a8-1650-42df-bc81-ceca885bde25",
    "vertices" : [ {
      "x" : 23.489357,
      "y" : -38.006577,
      "z" : -14.5172205
    }, {
      "x" : 46.978714,
      "y" : -46.978714,
      "z" : -46.978714
    }, {
      "x" : 35.888542,
      "y" : -29.034441,
      "z" : -17.944271
    } ],
    "faces" : [ {
      "vertices" : [ 0, 1, 2 ]
    }, {
      "vertices" : [ 0, 2, 1 ]
    } ]
  }, {
    "id" : "68f71369-6eff-4645-81af-837a415a2d1d",
    "vertices" : [ {
      "x" : 23.489357,
      "y" : 38.006577,
      "z" : 14.5172205
    }, {
      "x" : 29.034441,
      "y" : 76.01315,
      "z" : 0.0
    }, {
      "x" : 11.09017,
      "y" : 46.978714,
      "z" : 11.09017
    } ],
    "faces" : [ {
      "vertices" : [ 0, 1, 2 ]
    }, {
      "vertices" : [ 0, 2, 1 ]
    } ]
  }, {
    "id" : "b25ef2b1-3ace-4421-815d-0b30a971fadf",
    "vertices" : [ {
      "x" : -29.034441,
      "y" : 40.12461,
      "z" : 0.0
    }, {
      "x" : -29.034441,
      "y" : 76.01315,
      "z" : 0.0
    }, {
      "x" : -23.489357,
      "y" : 38.006577,
      "z" : -14.5172205
    } ],
    "faces" : [ {
      "vertices" : [ 0, 1, 2 ]
    }, {
      "vertices" : [ 0, 2, 1 ]
    } ]
  }, {
    "id" : "6b6d9af3-2337-45ce-b3c3-45e74bcffc52",
    "vertices" : [ {
      "x" : -29.034441,
      "y" : -40.12461,
      "z" : 0.0
    }, {
      "x" : -23.489357,
      "y" : -38.006577,
      "z" : -14.5172205
    }, {
      "x" : -12.984597,
      "y" : -33.994118,
      "z" : 0.0
    }, {
      "x" : -23.489357,
      "y" : -38.006577,
      "z" : 14.5172205
    } ],
    "faces" : [ {
      "vertices" : [ 0, 1, 2 ]
    }, {
      "vertices" : [ 0, 2, 3 ]
    }, {
      "vertices" : [ 0, 3, 2 ]
    }, {
      "vertices" : [ 0, 2, 1 ]
    } ]
  }, {
    "id" : "a79809b8-df1b-4bb9-92a3-bb6816c1c28e",
    "vertices" : [ {
      "x" : 23.489357,
      "y" : -38.006577,
      "z" : 14.5172205
    }, {
      "x" : 29.034441,
      "y" : -76.01315,
      "z" : 0.0
    }, {
      "x" : 29.034441,
      "y" : -40.12461,
      "z" : 0.0
    } ],
    "faces" : [ {
      "vertices" : [ 0, 1, 2 ]
    }, {
      "vertices" : [ 0, 2, 1 ]
    } ]
  }, {
    "id" : "348d8dfc-bc84-41de-9517-b10a8b389f82",
    "vertices" : [ {
      "x" : -29.034441,
      "y" : -17.944271,
      "z" : 35.888542
    }, {
      "x" : -46.978714,
      "y" : -46.978714,
      "z" : 46.978714
    }, {
      "x" : -14.5172205,
      "y" : -23.489357,
      "z" : 38.006577
    } ],
    "faces" : [ {
      "vertices" : [ 0, 1, 2 ]
    }, {
      "vertices" : [ 0, 2, 1 ]
    } ]
  }, {
    "id" : "0401f80c-1ab1-42b0-88e5-d878845ad6cf",
    "vertices" : [ {
      "x" : -46.978714,
      "y" : 11.09017,
      "z" : -11.09017
    }, {
      "x" : -76.01315,
      "y" : 0.0,
      "z" : -29.034441
    }, {
      "x" : -46.978714,
      "y" : 0.0,
      "z" : 0.0
    } ],
    "faces" : [ {
      "vertices" : [ 0, 1, 2 ]
    }, {
      "vertices" : [ 0, 2, 1 ]
    } ]
  }, {
    "id" : "a1f1bb6f-956e-4292-9777-74317f842bd9",
    "vertices" : [ {
      "x" : 0.0,
      "y" : 46.978714,
      "z" : 0.0
    }, {
      "x" : 29.034441,
      "y" : 76.01315,
      "z" : 0.0
    }, {
      "x" : 11.09017,
      "y" : 46.978714,
      "z" : -11.09017
    } ],
    "faces" : [ {
      "vertices" : [ 0, 1, 2 ]
    }, {
      "vertices" : [ 0, 2, 1 ]
    } ]
  }, {
    "id" : "2211fab8-ab3b-4ecc-91bc-9124343bf856",
    "vertices" : [ {
      "x" : 11.09017,
      "y" : -46.978714,
      "z" : 11.09017
    }, {
      "x" : 29.034441,
      "y" : -76.01315,
      "z" : 0.0
    }, {
      "x" : 23.489357,
      "y" : -38.006577,
      "z" : 14.5172205
    } ],
    "faces" : [ {
      "vertices" : [ 0, 1, 2 ]
    }, {
      "vertices" : [ 0, 2, 1 ]
    } ]
  }, {
    "id" : "4be2ae62-6921-4326-a472-3e7199d410fb",
    "vertices" : [ {
      "x" : 29.034441,
      "y" : -17.944271,
      "z" : -35.888542
    }, {
      "x" : 38.006577,
      "y" : -14.5172205,
      "z" : -23.489357
    }, {
      "x" : 21.00952,
      "y" : -21.00952,
      "z" : -21.00952
    }, {
      "x" : 14.5172205,
      "y" : -23.489357,
      "z" : -38.006577
    } ],
    "faces" : [ {
      "vertices" : [ 0, 1, 2 ]
    }, {
      "vertices" : [ 0, 2, 3 ]
    }, {
      "vertices" : [ 0, 3, 2 ]
    }, {
      "vertices" : [ 0, 2, 1 ]
    } ]
  }, {
    "id" : "7ded5d3c-cad8-45d1-9d29-31cc8bf02bdc",
    "vertices" : [ {
      "x" : -23.489357,
      "y" : -38.006577,
      "z" : 14.5172205
    }, {
      "x" : -46.978714,
      "y" : -46.978714,
      "z" : 46.978714
    }, {
      "x" : -35.888542,
      "y" : -29.034441,
      "z" : 17.944271
    } ],
    "faces" : [ {
      "vertices" : [ 0, 1, 2 ]
    }, {
      "vertices" : [ 0, 2, 1 ]
    } ]
  }, {
    "id" : "69e3417a-2acd-4c5b-83ec-65f278a40c70",
    "vertices" : [ {
      "x" : 11.09017,
      "y" : -46.978714,
      "z" : 11.09017
    }, {
      "x" : 0.0,
      "y" : -46.978714,
      "z" : 0.0
    }, {
      "x" : 12.984597,
      "y" : -33.994118,
      "z" : 0.0
    }, {
      "x" : 23.489357,
      "y" : -38.006577,
      "z" : 14.5172205
    } ],
    "faces" : [ {
      "vertices" : [ 0, 1, 2 ]
    }, {
      "vertices" : [ 0, 2, 3 ]
    }, {
      "vertices" : [ 0, 3, 2 ]
    }, {
      "vertices" : [ 0, 2, 1 ]
    } ]
  }, {
    "id" : "0fd6d4ec-72df-4d94-bd8d-7d2421d9844a",
    "vertices" : [ {
      "x" : 35.888542,
      "y" : -29.034441,
      "z" : 17.944271
    }, {
      "x" : 46.978714,
      "y" : -46.978714,
      "z" : 46.978714
    }, {
      "x" : 23.489357,
      "y" : -38.006577,
      "z" : 14.5172205
    } ],
    "faces" : [ {
      "vertices" : [ 0, 1, 2 ]
    }, {
      "vertices" : [ 0, 2, 1 ]
    } ]
  }, {
    "id" : "e3ea285c-70e0-4578-a9f3-3255acbb09a8",
    "vertices" : [ {
      "x" : -46.978714,
      "y" : 0.0,
      "z" : 0.0
    }, {
      "x" : -76.01315,
      "y" : 0.0,
      "z" : 29.034441
    }, {
      "x" : -46.978714,
      "y" : 11.09017,
      "z" : 11.09017
    } ],
    "faces" : [ {
      "vertices" : [ 0, 1, 2 ]
    }, {
      "vertices" : [ 0, 2, 1 ]
    } ]
  }, {
    "id" : "183f3ac0-a22f-47e5-be27-57a6083e9500",
    "vertices" : [ {
      "x" : -17.944271,
      "y" : -35.888542,
      "z" : -29.034441
    }, {
      "x" : -46.978714,
      "y" : -46.978714,
      "z" : -46.978714
    }, {
      "x" : -14.5172205,
      "y" : -23.489357,
      "z" : -38.006577
    } ],
    "faces" : [ {
      "vertices" : [ 0, 1, 2 ]
    }, {
      "vertices" : [ 0, 2, 1 ]
    } ]
  }, {
    "id" : "792ae6a0-d287-4e06-8fa0-a2265068c6fd",
    "vertices" : [ {
      "x" : -38.006577,
      "y" : -14.5172205,
      "z" : 23.489357
    }, {
      "x" : -46.978714,
      "y" : -46.978714,
      "z" : 46.978714
    }, {
      "x" : -29.034441,
      "y" : -17.944271,
      "z" : 35.888542
    } ],
    "faces" : [ {
      "vertices" : [ 0, 1, 2 ]
    }, {
      "vertices" : [ 0, 2, 1 ]
    } ]
  }, {
    "id" : "aadfc348-712d-412e-96a0-b2f869078271",
    "vertices" : [ {
      "x" : -46.978714,
      "y" : -11.09017,
      "z" : 11.09017
    }, {
      "x" : -76.01315,
      "y" : 0.0,
      "z" : 29.034441
    }, {
      "x" : -46.978714,
      "y" : 0.0,
      "z" : 0.0
    } ],
    "faces" : [ {
      "vertices" : [ 0, 1, 2 ]
    }, {
      "vertices" : [ 0, 2, 1 ]
    } ]
  }, {
    "id" : "6cfc49b3-137f-42ae-8ac3-5eb81bcc7800",
    "vertices" : [ {
      "x" : -17.944271,
      "y" : -35.888542,
      "z" : 29.034441
    }, {
      "x" : -14.5172205,
      "y" : -23.489357,
      "z" : 38.006577
    }, {
      "x" : -21.00952,
      "y" : -21.00952,
      "z" : 21.00952
    }, {
      "x" : -23.489357,
      "y" : -38.006577,
      "z" : 14.5172205
    } ],
    "faces" : [ {
      "vertices" : [ 0, 1, 2 ]
    }, {
      "vertices" : [ 0, 2, 3 ]
    }, {
      "vertices" : [ 0, 3, 2 ]
    }, {
      "vertices" : [ 0, 2, 1 ]
    } ]
  }, {
    "id" : "c5531af6-859b-4532-a825-929d4de59be6",
    "vertices" : [ {
      "x" : 17.944271,
      "y" : 35.888542,
      "z" : -29.034441
    }, {
      "x" : 23.489357,
      "y" : 38.006577,
      "z" : -14.5172205
    }, {
      "x" : 21.00952,
      "y" : 21.00952,
      "z" : -21.00952
    }, {
      "x" : 14.5172205,
      "y" : 23.489357,
      "z" : -38.006577
    } ],
    "faces" : [ {
      "vertices" : [ 0, 1, 2 ]
    }, {
      "vertices" : [ 0, 2, 3 ]
    }, {
      "vertices" : [ 0, 3, 2 ]
    }, {
      "vertices" : [ 0, 2, 1 ]
    } ]
  }, {
    "id" : "e0f47e79-5530-4498-9171-611aa36b4a3b",
    "vertices" : [ {
      "x" : 38.006577,
      "y" : 14.5172205,
      "z" : -23.489357
    }, {
      "x" : 76.01315,
      "y" : 0.0,
      "z" : -29.034441
    }, {
      "x" : 40.12461,
      "y" : 0.0,
      "z" : -29.034441
    } ],
    "faces" : [ {
      "vertices" : [ 0, 1, 2 ]
    }, {
      "vertices" : [ 0, 2, 1 ]
    } ]
  }, {
    "id" : "3451d180-6ea1-4bbc-9414-1e0a296678e5",
    "vertices" : [ {
      "x" : -46.978714,
      "y" : 11.09017,
      "z" : 11.09017
    }, {
      "x" : -76.01315,
      "y" : 0.0,
      "z" : 29.034441
    }, {
      "x" : -38.006577,
      "y" : 14.5172205,
      "z" : 23.489357
    } ],
    "faces" : [ {
      "vertices" : [ 0, 1, 2 ]
    }, {
      "vertices" : [ 0, 2, 1 ]
    } ]
  }, {
    "id" : "d100d4d7-a186-40b3-a330-73dd52349a66",
    "vertices" : [ {
      "x" : 23.489357,
      "y" : -38.006577,
      "z" : -14.5172205
    }, {
      "x" : 29.034441,
      "y" : -76.01315,
      "z" : 0.0
    }, {
      "x" : 11.09017,
      "y" : -46.978714,
      "z" : -11.09017
    } ],
    "faces" : [ {
      "vertices" : [ 0, 1, 2 ]
    }, {
      "vertices" : [ 0, 2, 1 ]
    } ]
  }, {
    "id" : "2d3bddf8-89f2-4c49-bdd3-0ad2c7709c41",
    "vertices" : [ {
      "x" : 0.0,
      "y" : -46.978714,
      "z" : 0.0
    }, {
      "x" : 29.034441,
      "y" : -76.01315,
      "z" : 0.0
    }, {
      "x" : 11.09017,
      "y" : -46.978714,
      "z" : 11.09017
    } ],
    "faces" : [ {
      "vertices" : [ 0, 1, 2 ]
    }, {
      "vertices" : [ 0, 2, 1 ]
    } ]
  }, {
    "id" : "71160c57-2232-4d83-a228-e0489b07b1e7",
    "vertices" : [ {
      "x" : 46.978714,
      "y" : 0.0,
      "z" : 0.0
    }, {
      "x" : 76.01315,
      "y" : 0.0,
      "z" : -29.034441
    }, {
      "x" : 46.978714,
      "y" : 11.09017,
      "z" : -11.09017
    } ],
    "faces" : [ {
      "vertices" : [ 0, 1, 2 ]
    }, {
      "vertices" : [ 0, 2, 1 ]
    } ]
  }, {
    "id" : "c105327b-c6eb-4b21-a1cc-325d2f16255b",
    "vertices" : [ {
      "x" : 11.09017,
      "y" : -46.978714,
      "z" : -11.09017
    }, {
      "x" : 29.034441,
      "y" : -76.01315,
      "z" : 0.0
    }, {
      "x" : 0.0,
      "y" : -46.978714,
      "z" : 0.0
    } ],
    "faces" : [ {
      "vertices" : [ 0, 1, 2 ]
    }, {
      "vertices" : [ 0, 2, 1 ]
    } ]
  }, {
    "id" : "aba50d35-59cd-4938-a21a-89be70a35f51",
    "vertices" : [ {
      "x" : -11.09017,
      "y" : -46.978714,
      "z" : 11.09017
    }, {
      "x" : -23.489357,
      "y" : -38.006577,
      "z" : 14.5172205
    }, {
      "x" : -12.984597,
      "y" : -33.994118,
      "z" : 0.0
    }, {
      "x" : 0.0,
      "y" : -46.978714,
      "z" : 0.0
    } ],
    "faces" : [ {
      "vertices" : [ 0, 1, 2 ]
    }, {
      "vertices" : [ 0, 2, 3 ]
    }, {
      "vertices" : [ 0, 3, 2 ]
    }, {
      "vertices" : [ 0, 2, 1 ]
    } ]
  }, {
    "id" : "b0bf1830-ec1f-4265-a4cb-1a48dfd016c9",
    "vertices" : [ {
      "x" : -29.034441,
      "y" : 17.944271,
      "z" : -35.888542
    }, {
      "x" : -46.978714,
      "y" : 46.978714,
      "z" : -46.978714
    }, {
      "x" : -14.5172205,
      "y" : 23.489357,
      "z" : -38.006577
    } ],
    "faces" : [ {
      "vertices" : [ 0, 1, 2 ]
    }, {
      "vertices" : [ 0, 2, 1 ]
    } ]
  }, {
    "id" : "593595dd-d94a-43d3-a3b4-3b4a211da150",
    "vertices" : [ {
      "x" : 11.09017,
      "y" : 11.09017,
      "z" : -46.978714
    }, {
      "x" : 0.0,
      "y" : 29.034441,
      "z" : -76.01315
    }, {
      "x" : 14.5172205,
      "y" : 23.489357,
      "z" : -38.006577
    } ],
    "faces" : [ {
      "vertices" : [ 0, 1, 2 ]
    }, {
      "vertices" : [ 0, 2, 1 ]
    } ]
  }, {
    "id" : "c9769eb3-0159-4997-8126-512e4bc0919a",
    "vertices" : [ {
      "x" : 23.489357,
      "y" : -38.006577,
      "z" : 14.5172205
    }, {
      "x" : 46.978714,
      "y" : -46.978714,
      "z" : 46.978714
    }, {
      "x" : 17.944271,
      "y" : -35.888542,
      "z" : 29.034441
    } ],
    "faces" : [ {
      "vertices" : [ 0, 1, 2 ]
    }, {
      "vertices" : [ 0, 2, 1 ]
    } ]
  }, {
    "id" : "ed1e8965-5f01-4c03-a74b-2f9f545dfbb7",
    "vertices" : [ {
      "x" : 38.006577,
      "y" : -14.5172205,
      "z" : 23.489357
    }, {
      "x" : 46.978714,
      "y" : -46.978714,
      "z" : 46.978714
    }, {
      "x" : 35.888542,
      "y" : -29.034441,
      "z" : 17.944271
    } ],
    "faces" : [ {
      "vertices" : [ 0, 1, 2 ]
    }, {
      "vertices" : [ 0, 2, 1 ]
    } ]
  }, {
    "id" : "6b322514-f572-43e7-abdf-502400f3c7d9",
    "vertices" : [ {
      "x" : 38.006577,
      "y" : -14.5172205,
      "z" : 23.489357
    }, {
      "x" : 76.01315,
      "y" : 0.0,
      "z" : 29.034441
    }, {
      "x" : 40.12461,
      "y" : 0.0,
      "z" : 29.034441
    } ],
    "faces" : [ {
      "vertices" : [ 0, 1, 2 ]
    }, {
      "vertices" : [ 0, 2, 1 ]
    } ]
  }, {
    "id" : "6ccee1a3-44e1-4693-b2dc-bb60ef2f5e8c",
    "vertices" : [ {
      "x" : -14.5172205,
      "y" : 23.489357,
      "z" : -38.006577
    }, {
      "x" : -46.978714,
      "y" : 46.978714,
      "z" : -46.978714
    }, {
      "x" : -17.944271,
      "y" : 35.888542,
      "z" : -29.034441
    } ],
    "faces" : [ {
      "vertices" : [ 0, 1, 2 ]
    }, {
      "vertices" : [ 0, 2, 1 ]
    } ]
  }, {
    "id" : "df5b8a3c-ac90-430c-a927-7f8978a2f2e4",
    "vertices" : [ {
      "x" : -23.489357,
      "y" : -38.006577,
      "z" : 14.5172205
    }, {
      "x" : -29.034441,
      "y" : -76.01315,
      "z" : 0.0
    }, {
      "x" : -11.09017,
      "y" : -46.978714,
      "z" : 11.09017
    } ],
    "faces" : [ {
      "vertices" : [ 0, 1, 2 ]
    }, {
      "vertices" : [ 0, 2, 1 ]
    } ]
  }, {
    "id" : "5028230e-8116-4eda-a2de-eb32ee0b06ab",
    "vertices" : [ {
      "x" : 35.888542,
      "y" : -29.034441,
      "z" : -17.944271
    }, {
      "x" : 23.489357,
      "y" : -38.006577,
      "z" : -14.5172205
    }, {
      "x" : 21.00952,
      "y" : -21.00952,
      "z" : -21.00952
    }, {
      "x" : 38.006577,
      "y" : -14.5172205,
      "z" : -23.489357
    } ],
    "faces" : [ {
      "vertices" : [ 0, 1, 2 ]
    }, {
      "vertices" : [ 0, 2, 3 ]
    }, {
      "vertices" : [ 0, 3, 2 ]
    }, {
      "vertices" : [ 0, 2, 1 ]
    } ]
  }, {
    "id" : "c1589f03-6f82-43f2-a837-dcbf171a6d5c",
    "vertices" : [ {
      "x" : 0.0,
      "y" : 29.034441,
      "z" : -40.12461
    }, {
      "x" : 14.5172205,
      "y" : 23.489357,
      "z" : -38.006577
    }, {
      "x" : 0.0,
      "y" : 12.984597,
      "z" : -33.994118
    }, {
      "x" : -14.5172205,
      "y" : 23.489357,
      "z" : -38.006577
    } ],
    "faces" : [ {
      "vertices" : [ 0, 1, 2 ]
    }, {
      "vertices" : [ 0, 2, 3 ]
    }, {
      "vertices" : [ 0, 3, 2 ]
    }, {
      "vertices" : [ 0, 2, 1 ]
    } ]
  }, {
    "id" : "d9b77e13-6ed6-4826-a8b9-7a7cd7dc9919",
    "vertices" : [ {
      "x" : -17.944271,
      "y" : -35.888542,
      "z" : -29.034441
    }, {
      "x" : -23.489357,
      "y" : -38.006577,
      "z" : -14.5172205
    }, {
      "x" : -21.00952,
      "y" : -21.00952,
      "z" : -21.00952
    }, {
      "x" : -14.5172205,
      "y" : -23.489357,
      "z" : -38.006577
    } ],
    "faces" : [ {
      "vertices" : [ 0, 1, 2 ]
    }, {
      "vertices" : [ 0, 2, 3 ]
    }, {
      "vertices" : [ 0, 3, 2 ]
    }, {
      "vertices" : [ 0, 2, 1 ]
    } ]
  }, {
    "id" : "74851263-799e-4eaf-a513-a0c60ecbfcce",
    "vertices" : [ {
      "x" : -11.09017,
      "y" : 11.09017,
      "z" : -46.978714
    }, {
      "x" : 0.0,
      "y" : 29.034441,
      "z" : -76.01315
    }, {
      "x" : 0.0,
      "y" : 0.0,
      "z" : -46.978714
    } ],
    "faces" : [ {
      "vertices" : [ 0, 1, 2 ]
    }, {
      "vertices" : [ 0, 2, 1 ]
    } ]
  }, {
    "id" : "24d9f80b-5f9a-4b79-850a-3dfaae78f1fc",
