{
  "field" : "golden",
  "symmetry" : "icosahedral",
  "orientations" : [ [ 1.0, 0.0, 0.0, 0.0, 0.0, 1.0, 0.0, 0.0, 0.0, 0.0, 1.0, 0.0, 0.0, 0.0, 0.0, 1.0 ], [ 0.0, 0.0, 1.0, 0.0, 1.0, 0.0, 0.0, 0.0, 0.0, 1.0, 0.0, 0.0, 0.0, 0.0, 0.0, 1.0 ], [ 0.0, 1.0, 0.0, 0.0, 0.0, 0.0, 1.0, 0.0, 1.0, 0.0, 0.0, 0.0, 0.0, 0.0, 0.0, 1.0 ], [ 0.809017, 0.309017, 0.5, 0.0, 0.309017, 0.5, -0.809017, 0.0, -0.5, 0.809017, 0.309017, 0.0, 0.0, 0.0, 0.0, 1.0 ], [ -0.5, 0.809017, 0.309017, 0.0, 0.809017, 0.309017, 0.5, 0.0, 0.309017, 0.5, -0.809017, 0.0, 0.0, 0.0, 0.0, 1.0 ], [ 0.309017, 0.5, -0.809017, 0.0, -0.5, 0.809017, 0.309017, 0.0, 0.809017, 0.309017, 0.5, 0.0, 0.0, 0.0, 0.0, 1.0 ], [ 0.5, 0.809017, 0.309017, 0.0, 0.809017, -0.309017, -0.5, 0.0, -0.309017, 0.5, -0.809017, 0.0, 0.0, 0.0, 0.0, 1.0 ], [ -0.309017, 0.5, -0.809017, 0.0, 0.5, 0.809017, 0.309017, 0.0, 0.809017, -0.309017, -0.5, 0.0, 0.0, 0.0, 0.0, 1.0 ], [ 0.809017, -0.309017, -0.5, 0.0, -0.309017, 0.5, -0.809017, 0.0, 0.5, 0.809017, 0.309017, 0.0, 0.0, 0.0, 0.0, 1.0 ], [ 0.5, 0.809017, -0.309017, 0.0, 0.809017, -0.309017, 0.5, 0.0, 0.309017, -0.5, -0.809017, 0.0, 0.0, 0.0, 0.0, 1.0 ], [ 0.309017, -0.5, -0.809017, 0.0, 0.5, 0.809017, -0.309017, 0.0, 0.809017, -0.309017, 0.5, 0.0, 0.0, 0.0, 0.0, 1.0 ], [ 0.809017, -0.309017, 0.5, 0.0, 0.309017, -0.5, -0.809017, 0.0, 0.5, 0.809017, -0.309017, 0.0, 0.0, 0.0, 0.0, 1.0 ], [ 0.809017, 0.309017, -0.5, 0.0, 0.309017, 0.5, 0.809017, 0.0, 0.5, -0.809017, 0.309017, 0.0, 0.0, 0.0, 0.0, 1.0 ], [ 0.5, -0.809017, 0.309017, 0.0, 0.809017, 0.309017, -0.5, 0.0, 0.309017, 0.5, 0.809017, 0.0, 0.0, 0.0, 0.0, 1.0 ], [ 0.309017, 0.5, 0.809017, 0.0, 0.5, -0.809017, 0.309017, 0.0, 0.809017, 0.309017, -0.5, 0.0, 0.0, 0.0, 0.0, 1.0 ], [ 1.0, 0.0, 0.0, 0.0, 0.0, -1.0, 0.0, 0.0, 0.0, 0.0, -1.0, 0.0, 0.0, 0.0, 0.0, 1.0 ], [ 0.0, 0.0, 1.0, 0.0, -1.0, 0.0, 0.0, 0.0, 0.0, -1.0, 0.0, 0.0, 0.0, 0.0, 0.0, 1.0 ], [ 0.0, 1.0, 0.0, 0.0, 0.0, 0.0, -1.0, 0.0, -1.0, 0.0, 0.0, 0.0, 0.0, 0.0, 0.0, 1.0 ], [ 0.809017, 0.309017, 0.5, 0.0, -0.309017, -0.5, 0.809017, 0.0, 0.5, -0.809017, -0.309017, 0.0, 0.0, 0.0, 0.0, 1.0 ], [ -0.5, 0.809017, 0.309017, 0.0, -0.809017, -0.309017, -0.5, 0.0, -0.309017, -0.5, 0.809017, 0.0, 0.0, 0.0, 0.0, 1.0 ], [ 0.309017, 0.5, -0.809017, 0.0, 0.5, -0.809017, -0.309017, 0.0, -0.809017, -0.309017, -0.5, 0.0, 0.0, 0.0, 0.0, 1.0 ], [ 0.5, 0.809017, 0.309017, 0.0, -0.809017, 0.309017, 0.5, 0.0, 0.309017, -0.5, 0.809017, 0.0, 0.0, 0.0, 0.0, 1.0 ], [ -0.309017, 0.5, -0.809017, 0.0, -0.5, -0.809017, -0.309017, 0.0, -0.809017, 0.309017, 0.5, 0.0, 0.0, 0.0, 0.0, 1.0 ], [ 0.809017, -0.309017, -0.5, 0.0, 0.309017, -0.5, 0.809017, 0.0, -0.5, -0.809017, -0.309017, 0.0, 0.0, 0.0, 0.0, 1.0 ], [ 0.5, 0.809017, -0.309017, 0.0, -0.809017, 0.309017, -0.5, 0.0, -0.309017, 0.5, 0.809017, 0.0, 0.0, 0.0, 0.0, 1.0 ], [ 0.309017, -0.5, -0.809017, 0.0, -0.5, -0.809017, 0.309017, 0.0, -0.809017, 0.309017, -0.5, 0.0, 0.0, 0.0, 0.0, 1.0 ], [ 0.809017, -0.309017, 0.5, 0.0, -0.309017, 0.5, 0.809017, 0.0, -0.5, -0.809017, 0.309017, 0.0, 0.0, 0.0, 0.0, 1.0 ], [ 0.809017, 0.309017, -0.5, 0.0, -0.309017, -0.5, -0.809017, 0.0, -0.5, 0.809017, -0.309017, 0.0, 0.0, 0.0, 0.0, 1.0 ], [ 0.5, -0.809017, 0.309017, 0.0, -0.809017, -0.309017, 0.5, 0.0, -0.309017, -0.5, -0.809017, 0.0, 0.0, 0.0, 0.0, 1.0 ], [ 0.309017, 0.5, 0.809017, 0.0, -0.5, 0.809017, -0.309017, 0.0, -0.809017, -0.309017, 0.5, 0.0, 0.0, 0.0, 0.0, 1.0 ], [ -1.0, 0.0, 0.0, 0.0, 0.0, -1.0, 0.0, 0.0, 0.0, 0.0, 1.0, 0.0, 0.0, 0.0, 0.0, 1.0 ], [ 0.0, 0.0, -1.0, 0.0, -1.0, 0.0, 0.0, 0.0, 0.0, 1.0, 0.0, 0.0, 0.0, 0.0, 0.0, 1.0 ], [ 0.0, -1.0, 0.0, 0.0, 0.0, 0.0, -1.0, 0.0, 1.0, 0.0, 0.0, 0.0, 0.0, 0.0, 0.0, 1.0 ], [ -0.809017, -0.309017, -0.5, 0.0, -0.309017, -0.5, 0.809017, 0.0, -0.5, 0.809017, 0.309017, 0.0, 0.0, 0.0, 0.0, 1.0 ], [ 0.5, -0.809017, -0.309017, 0.0, -0.809017, -0.309017, -0.5, 0.0, 0.309017, 0.5, -0.809017, 0.0, 0.0, 0.0, 0.0, 1.0 ], [ -0.309017, -0.5, 0.809017, 0.0, 0.5, -0.809017, -0.309017, 0.0, 0.809017, 0.309017, 0.5, 0.0, 0.0, 0.0, 0.0, 1.0 ], [ -0.5, -0.809017, -0.309017, 0.0, -0.809017, 0.309017, 0.5, 0.0, -0.309017, 0.5, -0.809017, 0.0, 0.0, 0.0, 0.0, 1.0 ], [ 0.309017, -0.5, 0.809017, 0.0, -0.5, -0.809017, -0.309017, 0.0, 0.809017, -0.309017, -0.5, 0.0, 0.0, 0.0, 0.0, 1.0 ], [ -0.809017, 0.309017, 0.5, 0.0, 0.309017, -0.5, 0.809017, 0.0, 0.5, 0.809017, 0.309017, 0.0, 0.0, 0.0, 0.0, 1.0 ], [ -0.5, -0.809017, 0.309017, 0.0, -0.809017, 0.309017, -0.5, 0.0, 0.309017, -0.5, -0.809017, 0.0, 0.0, 0.0, 0.0, 1.0 ], [ -0.309017, 0.5, 0.809017, 0.0, -0.5, -0.809017, 0.309017, 0.0, 0.809017, -0.309017, 0.5, 0.0, 0.0, 0.0, 0.0, 1.0 ], [ -0.809017, 0.309017, -0.5, 0.0, -0.309017, 0.5, 0.809017, 0.0, 0.5, 0.809017, -0.309017, 0.0, 0.0, 0.0, 0.0, 1.0 ], [ -0.809017, -0.309017, 0.5, 0.0, -0.309017, -0.5, -0.809017, 0.0, 0.5, -0.809017, 0.309017, 0.0, 0.0, 0.0, 0.0, 1.0 ], [ -0.5, 0.809017, -0.309017, 0.0, -0.809017, -0.309017, 0.5, 0.0, 0.309017, 0.5, 0.809017, 0.0, 0.0, 0.0, 0.0, 1.0 ], [ -0.309017, -0.5, -0.809017, 0.0, -0.5, 0.809017, -0.309017, 0.0, 0.809017, 0.309017, -0.5, 0.0, 0.0, 0.0, 0.0, 1.0 ], [ -1.0, 0.0, 0.0, 0.0, 0.0, 1.0, 0.0, 0.0, 0.0, 0.0, -1.0, 0.0, 0.0, 0.0, 0.0, 1.0 ], [ 0.0, 0.0, -1.0, 0.0, 1.0, 0.0, 0.0, 0.0, 0.0, -1.0, 0.0, 0.0, 0.0, 0.0, 0.0, 1.0 ], [ 0.0, -1.0, 0.0, 0.0, 0.0, 0.0, 1.0, 0.0, -1.0, 0.0, 0.0, 0.0, 0.0, 0.0, 0.0, 1.0 ], [ -0.809017, -0.309017, -0.5, 0.0, 0.309017, 0.5, -0.809017, 0.0, 0.5, -0.809017, -0.309017, 0.0, 0.0, 0.0, 0.0, 1.0 ], [ 0.5, -0.809017, -0.309017, 0.0, 0.809017, 0.309017, 0.5, 0.0, -0.309017, -0.5, 0.809017, 0.0, 0.0, 0.0, 0.0, 1.0 ], [ -0.309017, -0.5, 0.809017, 0.0, -0.5, 0.809017, 0.309017, 0.0, -0.809017, -0.309017, -0.5, 0.0, 0.0, 0.0, 0.0, 1.0 ], [ -0.5, -0.809017, -0.309017, 0.0, 0.809017, -0.309017, -0.5, 0.0, 0.309017, -0.5, 0.809017, 0.0, 0.0, 0.0, 0.0, 1.0 ], [ 0.309017, -0.5, 0.809017, 0.0, 0.5, 0.809017, 0.309017, 0.0, -0.809017, 0.309017, 0.5, 0.0, 0.0, 0.0, 0.0, 1.0 ], [ -0.809017, 0.309017, 0.5, 0.0, -0.309017, 0.5, -0.809017, 0.0, -0.5, -0.809017, -0.309017, 0.0, 0.0, 0.0, 0.0, 1.0 ], [ -0.5, -0.809017, 0.309017, 0.0, 0.809017, -0.309017, 0.5, 0.0, -0.309017, 0.5, 0.809017, 0.0, 0.0, 0.0, 0.0, 1.0 ], [ -0.309017, 0.5, 0.809017, 0.0, 0.5, 0.809017, -0.309017, 0.0, -0.809017, 0.309017, -0.5, 0.0, 0.0, 0.0, 0.0, 1.0 ], [ -0.809017, 0.309017, -0.5, 0.0, 0.309017, -0.5, -0.809017, 0.0, -0.5, -0.809017, 0.309017, 0.0, 0.0, 0.0, 0.0, 1.0 ], [ -0.809017, -0.309017, 0.5, 0.0, 0.309017, 0.5, 0.809017, 0.0, -0.5, 0.809017, -0.309017, 0.0, 0.0, 0.0, 0.0, 1.0 ], [ -0.5, 0.809017, -0.309017, 0.0, 0.809017, 0.309017, -0.5, 0.0, -0.309017, -0.5, -0.809017, 0.0, 0.0, 0.0, 0.0, 1.0 ], [ -0.309017, -0.5, -0.809017, 0.0, 0.5, -0.809017, 0.309017, 0.0, -0.809017, -0.309017, 0.5, 0.0, 0.0, 0.0, 0.0, 1.0 ] ],
  "lights" : {
    "directionalLights" : [ {
      "direction" : [ 1.0, -1.0, -1.0 ],
      "color" : "#EBEBE4"
    }, {
      "direction" : [ -1.0, 0.0, 0.0 ],
      "color" : "#E4E4EB"
    }, {
      "direction" : [ 0.0, 0.0, -1.0 ],
      "color" : "#1E1E1E"
    } ],
    "ambientColor" : "#292929",
    "backgroundColor" : "#AFC8DC"
  },
  "camera" : {
    "position" : {
      "x" : -78.33221,
      "y" : 395.95654,
      "z" : 273.02872
    },
    "perspective" : true,
    "viewDistance" : 487.29974,
    "nearClipDistance" : 1.2182491,
    "farClipDistance" : 974.5986,
    "lookAtPoint" : {
      "x" : 0.0,
      "y" : 0.0,
      "z" : 0.0
    },
    "fieldOfView" : 0.44262883,
    "lookDirection" : {
      "x" : 0.16074748,
      "y" : -0.81255233,
      "z" : -0.5602891
    },
    "upDirection" : {
      "x" : -0.29052043,
      "y" : 0.5035726,
      "z" : -0.81364405
    },
    "stereo" : false,
    "width" : 219.28487
  },
  "embedding" : [ 1.0, 0.0, 0.0, 0.0, 0.0, 1.0, 0.0, 0.0, 0.0, 0.0, 1.0, 0.0, 0.0, 0.0, 0.0, 1.0 ],
  "shapes" : [ {
    "id" : "0a62e45a-9c2c-405a-ae66-dc3a362d26dc",
    "vertices" : [ {
      "x" : -46.978714,
      "y" : -21.00952,
      "z" : 21.00952
    }, {
      "x" : -38.006577,
      "y" : -14.5172205,
      "z" : 23.489357
    }, {
      "x" : -46.978714,
      "y" : -11.09017,
      "z" : 11.09017
    } ],
    "faces" : [ {
      "vertices" : [ 0, 1, 2 ]
    }, {
      "vertices" : [ 0, 2, 1 ]
    } ]
  }, {
    "id" : "7c6f3a95-5c81-494f-b1ad-9fcbb5380b75",
    "vertices" : [ {
      "x" : 14.208204,
      "y" : 5.427051,
      "z" : -2.072949
    }, {
      "x" : 13.826238,
      "y" : 4.972136,
      "z" : -1.881966
    }, {
      "x" : 13.663119,
      "y" : 5.236068,
      "z" : -2.309017
    }, {
      "x" : 13.59017,
      "y" : 5.5,
      "z" : -2.118034
    }, {
      "x" : 0.85410196,
      "y" : 0.309017,
      "z" : 0.19098301
    }, {
      "x" : 0.690983,
      "y" : 0.572949,
      "z" : -0.23606798
    }, {
      "x" : 0.309017,
      "y" : 0.11803399,
      "z" : -0.045084972
    }, {
      "x" : 0.76393205,
      "y" : 0.309017,
      "z" : -0.42705098
    }, {
      "x" : 0.927051,
      "y" : 0.045084972,
      "z" : 0.0
    }, {
      "x" : 13.753289,
      "y" : 5.236068,
      "z" : -1.690983
    }, {
      "x" : 14.5172205,
      "y" : 5.545085,
      "z" : -2.118034
    } ],
    "faces" : [ {
      "vertices" : [ 2, 7, 5 ]
    }, {
      "vertices" : [ 2, 5, 3 ]
    }, {
      "vertices" : [ 1, 8, 7 ]
    }, {
      "vertices" : [ 1, 7, 2 ]
    }, {
      "vertices" : [ 4, 6, 8 ]
    }, {
      "vertices" : [ 5, 7, 6 ]
    }, {
      "vertices" : [ 0, 1, 2 ]
    }, {
      "vertices" : [ 0, 2, 3 ]
    }, {
      "vertices" : [ 6, 7, 8 ]
    }, {
      "vertices" : [ 3, 5, 4 ]
    }, {
      "vertices" : [ 3, 4, 9 ]
    }, {
      "vertices" : [ 1, 9, 4 ]
    }, {
      "vertices" : [ 1, 4, 8 ]
    }, {
      "vertices" : [ 0, 9, 1 ]
    }, {
      "vertices" : [ 0, 3, 9 ]
    }, {
      "vertices" : [ 4, 5, 6 ]
    } ]
  }, {
    "id" : "f75f153e-6025-415d-9fb7-f38b27dc2b7a",
    "vertices" : [ {
      "x" : 1.0,
      "y" : 0.309017,
      "z" : 0.19098301
    }, {
      "x" : 1.0,
      "y" : -0.309017,
      "z" : 0.19098301
    }, {
      "x" : 21.18034,
      "y" : -0.309017,
      "z" : 0.19098301
    }, {
      "x" : 21.18034,
      "y" : 0.309017,
      "z" : 0.19098301
    }, {
      "x" : 21.18034,
      "y" : -0.309017,
      "z" : -0.19098301
    }, {
      "x" : 21.18034,
      "y" : 0.309017,
      "z" : -0.19098301
    }, {
      "x" : 21.798374,
      "y" : 0.0,
      "z" : 0.0
    }, {
      "x" : 0.38196602,
      "y" : 0.0,
      "z" : 0.0
    }, {
      "x" : 1.0,
      "y" : 0.309017,
      "z" : -0.19098301
    }, {
      "x" : 1.0,
      "y" : -0.309017,
      "z" : -0.19098301
    }, {
      "x" : 22.18034,
      "y" : 0.0,
      "z" : 0.0
    } ],
    "faces" : [ {
      "vertices" : [ 1, 9, 4 ]
    }, {
      "vertices" : [ 1, 4, 2 ]
    }, {
      "vertices" : [ 0, 3, 5 ]
    }, {
      "vertices" : [ 0, 5, 8 ]
    }, {
      "vertices" : [ 1, 7, 9 ]
    }, {
      "vertices" : [ 0, 1, 2 ]
    }, {
      "vertices" : [ 0, 2, 3 ]
    }, {
      "vertices" : [ 7, 8, 9 ]
    }, {
      "vertices" : [ 0, 7, 1 ]
    }, {
      "vertices" : [ 4, 9, 8 ]
    }, {
      "vertices" : [ 4, 8, 5 ]
    }, {
      "vertices" : [ 2, 6, 3 ]
    }, {
      "vertices" : [ 2, 4, 6 ]
    }, {
      "vertices" : [ 3, 6, 5 ]
    }, {
      "vertices" : [ 4, 5, 6 ]
    }, {
      "vertices" : [ 0, 8, 7 ]
    } ]
  }, {
    "id" : "134beee1-eb45-4014-9671-81fb8b5495f0",
    "vertices" : [ {
      "x" : 10.195743,
      "y" : 3.8944273,
      "z" : -1.4875388
    }, {
      "x" : 9.813777,
      "y" : 3.4395123,
      "z" : -1.2965558
    }, {
      "x" : 9.650658,
      "y" : 3.7034442,
      "z" : -1.7236068
    }, {
      "x" : 9.577709,
      "y" : 3.9673762,
      "z" : -1.5326238
    }, {
      "x" : 0.85410196,
      "y" : 0.309017,
      "z" : 0.19098301
    }, {
      "x" : 0.690983,
      "y" : 0.572949,
      "z" : -0.23606798
    }, {
      "x" : 0.309017,
      "y" : 0.11803399,
      "z" : -0.045084972
    }, {
      "x" : 0.76393205,
      "y" : 0.309017,
      "z" : -0.42705098
    }, {
      "x" : 0.927051,
      "y" : 0.045084972,
      "z" : 0.0
    }, {
      "x" : 9.740828,
      "y" : 3.7034442,
      "z" : -1.1055728
    }, {
      "x" : 10.50476,
      "y" : 4.012461,
      "z" : -1.5326238
    } ],
    "faces" : [ {
      "vertices" : [ 2, 7, 5 ]
    }, {
      "vertices" : [ 2, 5, 3 ]
    }, {
      "vertices" : [ 1, 8, 7 ]
    }, {
      "vertices" : [ 1, 7, 2 ]
    }, {
      "vertices" : [ 4, 6, 8 ]
    }, {
      "vertices" : [ 5, 7, 6 ]
    }, {
      "vertices" : [ 0, 1, 2 ]
    }, {
      "vertices" : [ 0, 2, 3 ]
    }, {
      "vertices" : [ 6, 7, 8 ]
    }, {
      "vertices" : [ 3, 5, 4 ]
    }, {
      "vertices" : [ 3, 4, 9 ]
    }, {
      "vertices" : [ 1, 9, 4 ]
    }, {
      "vertices" : [ 1, 4, 8 ]
    }, {
      "vertices" : [ 0, 9, 1 ]
    }, {
      "vertices" : [ 0, 3, 9 ]
    }, {
      "vertices" : [ 4, 5, 6 ]
    } ]
  }, {
    "id" : "7cc25003-6153-4f0d-9f0d-b5d207bdbd9b",
    "vertices" : [ {
      "x" : 38.006577,
      "y" : 14.5172205,
      "z" : -23.489357
    }, {
      "x" : 46.978714,
      "y" : 21.00952,
      "z" : -21.00952
    }, {
      "x" : 46.978714,
      "y" : 11.09017,
      "z" : -11.09017
    } ],
    "faces" : [ {
      "vertices" : [ 0, 1, 2 ]
    }, {
      "vertices" : [ 0, 2, 1 ]
    } ]
  }, {
    "id" : "6a0756ea-47dd-4aaa-80f5-13c5390b59ae",
    "vertices" : [ {
      "x" : -23.489357,
      "y" : -38.006577,
      "z" : -14.5172205
    }, {
      "x" : -33.994118,
      "y" : -42.01904,
      "z" : -12.984597
    }, {
      "x" : -35.888542,
      "y" : -29.034441,
      "z" : -17.944271
    } ],
    "faces" : [ {
      "vertices" : [ 0, 1, 2 ]
    }, {
      "vertices" : [ 0, 2, 1 ]
    } ]
  }, {
    "id" : "772a2256-15e6-4e61-b48d-dd658ad99586",
    "vertices" : [ {
      "x" : 12.67558,
      "y" : 4.841641,
      "z" : -1.8493422
    }, {
      "x" : 12.293614,
      "y" : 4.386726,
      "z" : -1.6583592
    }, {
      "x" : 12.130495,
      "y" : 4.6506577,
      "z" : -2.08541
    }, {
      "x" : 12.057547,
      "y" : 4.91459,
      "z" : -1.8944272
    }, {
      "x" : 0.85410196,
      "y" : 0.309017,
      "z" : 0.19098301
    }, {
      "x" : 0.690983,
      "y" : 0.572949,
      "z" : -0.23606798
    }, {
      "x" : 0.309017,
      "y" : 0.11803399,
      "z" : -0.045084972
    }, {
      "x" : 0.76393205,
      "y" : 0.309017,
      "z" : -0.42705098
    }, {
      "x" : 0.927051,
      "y" : 0.045084972,
      "z" : 0.0
    }, {
      "x" : 12.220665,
      "y" : 4.6506577,
      "z" : -1.4673762
    }, {
      "x" : 12.984597,
      "y" : 4.959675,
      "z" : -1.8944272
    } ],
    "faces" : [ {
      "vertices" : [ 2, 7, 5 ]
    }, {
      "vertices" : [ 2, 5, 3 ]
    }, {
      "vertices" : [ 1, 8, 7 ]
    }, {
      "vertices" : [ 1, 7, 2 ]
    }, {
      "vertices" : [ 4, 6, 8 ]
    }, {
      "vertices" : [ 5, 7, 6 ]
    }, {
      "vertices" : [ 0, 1, 2 ]
    }, {
      "vertices" : [ 0, 2, 3 ]
    }, {
      "vertices" : [ 6, 7, 8 ]
    }, {
      "vertices" : [ 3, 5, 4 ]
    }, {
      "vertices" : [ 3, 4, 9 ]
    }, {
      "vertices" : [ 1, 9, 4 ]
    }, {
      "vertices" : [ 1, 4, 8 ]
    }, {
      "vertices" : [ 0, 9, 1 ]
    }, {
      "vertices" : [ 0, 3, 9 ]
    }, {
      "vertices" : [ 4, 5, 6 ]
    } ]
  }, {
    "id" : "a5ced65d-abb9-4082-a2bd-b3782635f72a",
    "vertices" : [ {
      "x" : 17.944271,
      "y" : -35.888542,
      "z" : -29.034441
    }, {
      "x" : 21.00952,
      "y" : -46.978714,
      "z" : -21.00952
    }, {
      "x" : 11.09017,
      "y" : -46.978714,
      "z" : -11.09017
    }, {
      "x" : 0.0,
      "y" : -29.034441,
      "z" : -17.944271
    } ],
    "faces" : [ {
      "vertices" : [ 0, 1, 2 ]
    }, {
      "vertices" : [ 0, 2, 3 ]
    }, {
      "vertices" : [ 0, 3, 2 ]
    }, {
      "vertices" : [ 0, 2, 1 ]
    } ]
  }, {
    "id" : "a20043bd-2539-47dc-9a0c-a6017be7150f",
    "vertices" : [ {
      "x" : 23.18034,
      "y" : 8.854102,
      "z" : -3.381966
    }, {
      "x" : 22.798374,
      "y" : 8.399187,
      "z" : -3.190983
    }, {
      "x" : 22.635256,
      "y" : 8.663119,
      "z" : -3.618034
    }, {
      "x" : 22.562305,
      "y" : 8.927051,
      "z" : -3.427051
    }, {
      "x" : 0.85410196,
      "y" : 0.309017,
      "z" : 0.19098301
    }, {
      "x" : 0.690983,
      "y" : 0.572949,
      "z" : -0.23606798
    }, {
      "x" : 0.309017,
      "y" : 0.11803399,
      "z" : -0.045084972
    }, {
      "x" : 0.76393205,
      "y" : 0.309017,
      "z" : -0.42705098
    }, {
      "x" : 0.927051,
      "y" : 0.045084972,
      "z" : 0.0
    }, {
      "x" : 22.725426,
      "y" : 8.663119,
      "z" : -3.0
    }, {
      "x" : 23.489357,
      "y" : 8.972136,
      "z" : -3.427051
    } ],
    "faces" : [ {
      "vertices" : [ 2, 7, 5 ]
    }, {
      "vertices" : [ 2, 5, 3 ]
    }, {
      "vertices" : [ 1, 8, 7 ]
    }, {
      "vertices" : [ 1, 7, 2 ]
    }, {
      "vertices" : [ 4, 6, 8 ]
    }, {
      "vertices" : [ 5, 7, 6 ]
    }, {
      "vertices" : [ 0, 1, 2 ]
    }, {
      "vertices" : [ 0, 2, 3 ]
    }, {
      "vertices" : [ 6, 7, 8 ]
    }, {
      "vertices" : [ 3, 5, 4 ]
    }, {
      "vertices" : [ 3, 4, 9 ]
    }, {
      "vertices" : [ 1, 9, 4 ]
    }, {
      "vertices" : [ 1, 4, 8 ]
    }, {
      "vertices" : [ 0, 9, 1 ]
    }, {
      "vertices" : [ 0, 3, 9 ]
    }, {
      "vertices" : [ 4, 5, 6 ]
    } ]
  }, {
    "id" : "a29bf1c8-4451-4ed5-90be-23ddc5012a9e",
    "vertices" : [ {
      "x" : -23.489357,
      "y" : -38.006577,
      "z" : -14.5172205
    }, {
      "x" : -17.944271,
      "y" : -35.888542,
      "z" : -29.034441
    }, {
      "x" : 0.0,
      "y" : -29.034441,
      "z" : -17.944271
    } ],
    "faces" : [ {
      "vertices" : [ 0, 1, 2 ]
    }, {
      "vertices" : [ 0, 2, 1 ]
    } ]
  }, {
    "id" : "cfecd99a-e214-4682-b598-ea67331853d6",
    "vertices" : [ {
      "x" : -23.489357,
      "y" : -38.006577,
      "z" : 14.5172205
    }, {
      "x" : -35.888542,
      "y" : -29.034441,
      "z" : 17.944271
    }, {
      "x" : -29.034441,
      "y" : -17.944271,
      "z" : 0.0
    } ],
    "faces" : [ {
      "vertices" : [ 0, 1, 2 ]
    }, {
      "vertices" : [ 0, 2, 1 ]
    } ]
  }, {
    "id" : "1553875d-1e59-42f5-93da-1314c2bae9c7",
    "vertices" : [ {
      "x" : 11.09017,
      "y" : 46.978714,
      "z" : 11.09017
    }, {
      "x" : 0.0,
      "y" : 46.978714,
      "z" : 0.0
    }, {
      "x" : 0.0,
      "y" : 29.034441,
      "z" : 17.944271
    } ],
    "faces" : [ {
      "vertices" : [ 0, 1, 2 ]
    }, {
      "vertices" : [ 0, 2, 1 ]
    } ]
  }, {
    "id" : "27177a2b-e632-42ac-8bb9-5f0984596f8a",
    "vertices" : [ {
      "x" : -11.09017,
      "y" : -11.09017,
      "z" : -46.978714
    }, {
      "x" : -21.00952,
      "y" : -21.00952,
      "z" : -46.978714
    }, {
      "x" : -29.034441,
      "y" : -17.944271,
      "z" : -35.888542
    }, {
      "x" : -17.944271,
      "y" : 0.0,
      "z" : -29.034441
    } ],
    "faces" : [ {
      "vertices" : [ 0, 1, 2 ]
    }, {
      "vertices" : [ 0, 2, 3 ]
    }, {
      "vertices" : [ 0, 3, 2 ]
    }, {
      "vertices" : [ 0, 2, 1 ]
    } ]
  }, {
    "id" : "c4f651da-a82f-44a3-a620-db49d143a58d",
    "vertices" : [ {
      "x" : 42.01904,
      "y" : -12.984597,
      "z" : 33.994118
    }, {
      "x" : 38.006577,
      "y" : -14.5172205,
      "z" : 23.489357
    }, {
      "x" : 40.12461,
      "y" : 0.0,
      "z" : 29.034441
    } ],
    "faces" : [ {
      "vertices" : [ 0, 1, 2 ]
    }, {
      "vertices" : [ 0, 2, 1 ]
    } ]
  }, {
    "id" : "8f216444-982f-4134-9940-2da67743a737",
    "vertices" : [ {
      "x" : -40.12461,
      "y" : 0.0,
      "z" : -29.034441
    }, {
      "x" : -38.006577,
      "y" : 14.5172205,
      "z" : -23.489357
    }, {
      "x" : -17.944271,
      "y" : 0.0,
      "z" : -29.034441
    } ],
    "faces" : [ {
      "vertices" : [ 0, 1, 2 ]
    }, {
      "vertices" : [ 0, 2, 1 ]
    } ]
  }, {
    "id" : "d8e55344-d3b8-46e8-977c-177b79f88518",
    "vertices" : [ {
      "x" : 38.006577,
      "y" : -14.5172205,
      "z" : 23.489357
    }, {
      "x" : 35.888542,
      "y" : -29.034441,
      "z" : 17.944271
    }, {
      "x" : 29.034441,
      "y" : -17.944271,
      "z" : 0.0
    } ],
    "faces" : [ {
      "vertices" : [ 0, 1, 2 ]
    }, {
      "vertices" : [ 0, 2, 1 ]
    } ]
  }, {
    "id" : "320cd6cc-fede-4b41-9c0e-6feab6592813",
    "vertices" : [ {
      "x" : 23.489357,
      "y" : 38.006577,
      "z" : 14.5172205
    }, {
      "x" : 33.994118,
      "y" : 42.01904,
      "z" : 12.984597
    }, {
      "x" : 29.034441,
      "y" : 40.12461,
      "z" : 0.0
    } ],
    "faces" : [ {
      "vertices" : [ 0, 1, 2 ]
    }, {
      "vertices" : [ 0, 2, 1 ]
    } ]
  }, {
    "id" : "74b04e54-1e1e-4679-b8d8-6520f376a623",
    "vertices" : [ {
      "x" : -14.5172205,
      "y" : -23.489357,
      "z" : 38.006577
    }, {
      "x" : -12.984597,
      "y" : -33.994118,
      "z" : 42.01904
    }, {
      "x" : 0.0,
      "y" : -29.034441,
      "z" : 40.12461
    } ],
    "faces" : [ {
      "vertices" : [ 0, 1, 2 ]
    }, {
      "vertices" : [ 0, 2, 1 ]
    } ]
  }, {
    "id" : "2417e17e-db08-4a90-a03e-d77b7e6f8add",
    "vertices" : [ {
      "x" : 55.003635,
      "y" : 8.024922,
      "z" : 0.0
    }, {
      "x" : 46.978714,
      "y" : 0.0,
      "z" : 0.0
    }, {
      "x" : 46.978714,
      "y" : 11.09017,
      "z" : -11.09017
    } ],
    "faces" : [ {
      "vertices" : [ 0, 1, 2 ]
    }, {
      "vertices" : [ 0, 2, 1 ]
    } ]
  }, {
    "id" : "81cc28b2-bfe9-4c96-af7f-c4f8b03299a0",
    "vertices" : [ {
      "x" : 11.09017,
      "y" : 46.978714,
      "z" : -11.09017
    }, {
      "x" : 21.00952,
      "y" : 46.978714,
      "z" : -21.00952
    }, {
      "x" : 17.944271,
      "y" : 35.888542,
      "z" : -29.034441
    }, {
      "x" : 0.0,
      "y" : 29.034441,
      "z" : -17.944271
    } ],
    "faces" : [ {
      "vertices" : [ 0, 1, 2 ]
    }, {
      "vertices" : [ 0, 2, 3 ]
    }, {
      "vertices" : [ 0, 3, 2 ]
    }, {
      "vertices" : [ 0, 2, 1 ]
    } ]
  }, {
    "id" : "7cdae12a-116f-4984-8d84-f30927060aac",
    "vertices" : [ {
      "x" : -46.978714,
      "y" : 11.09017,
      "z" : 11.09017
    }, {
      "x" : -38.006577,
      "y" : 14.5172205,
      "z" : 23.489357
    }, {
      "x" : -29.034441,
      "y" : 17.944271,
      "z" : 0.0
    } ],
    "faces" : [ {
      "vertices" : [ 0, 1, 2 ]
    }, {
      "vertices" : [ 0, 2, 1 ]
    } ]
  }, {
    "id" : "47911f2f-f238-45c2-abad-691ddce388b3",
    "vertices" : [ {
      "x" : 21.00952,
      "y" : 46.978714,
      "z" : -21.00952
    }, {
      "x" : 23.489357,
      "y" : 38.006577,
      "z" : -14.5172205
    }, {
      "x" : 17.944271,
      "y" : 35.888542,
      "z" : -29.034441
    } ],
    "faces" : [ {
      "vertices" : [ 0, 1, 2 ]
    }, {
      "vertices" : [ 0, 2, 1 ]
    } ]
  }, {
    "id" : "4293bd31-9550-4d8b-81a3-98ed46879e32",
    "vertices" : [ {
      "x" : -11.09017,
      "y" : 46.978714,
      "z" : -11.09017
    }, {
      "x" : 0.0,
      "y" : 46.978714,
      "z" : 0.0
    }, {
      "x" : 0.0,
      "y" : 29.034441,
      "z" : -17.944271
    } ],
    "faces" : [ {
      "vertices" : [ 0, 1, 2 ]
    }, {
      "vertices" : [ 0, 2, 1 ]
    } ]
  }, {
    "id" : "e3d1e2bb-466d-4026-bea6-c1b8a076513c",
    "vertices" : [ {
      "x" : 38.006577,
      "y" : 14.5172205,
      "z" : -23.489357
    }, {
      "x" : 40.12461,
      "y" : 0.0,
      "z" : -29.034441
    }, {
      "x" : 17.944271,
      "y" : 0.0,
      "z" : -29.034441
    } ],
    "faces" : [ {
      "vertices" : [ 0, 1, 2 ]
    }, {
      "vertices" : [ 0, 2, 1 ]
    } ]
  }, {
    "id" : "e0109cc2-28ae-4048-8f14-418e94617074",
    "vertices" : [ {
      "x" : 14.5172205,
      "y" : 23.489357,
      "z" : -38.006577
    }, {
      "x" : 12.984597,
      "y" : 33.994118,
      "z" : -42.01904
    }, {
      "x" : 17.944271,
      "y" : 35.888542,
      "z" : -29.034441
    } ],
    "faces" : [ {
      "vertices" : [ 0, 1, 2 ]
    }, {
      "vertices" : [ 0, 2, 1 ]
    } ]
  }, {
    "id" : "26f71905-836d-4712-950c-d7d9fb2036a9",
    "vertices" : [ {
      "x" : -29.034441,
      "y" : -40.12461,
      "z" : 0.0
    }, {
      "x" : -23.489357,
      "y" : -38.006577,
      "z" : 14.5172205
    }, {
      "x" : -29.034441,
      "y" : -17.944271,
      "z" : 0.0
    } ],
    "faces" : [ {
      "vertices" : [ 0, 1, 2 ]
    }, {
      "vertices" : [ 0, 2, 1 ]
    } ]
  }, {
    "id" : "2627ee00-67a2-4375-90cd-ce42ad5e3ab9",
    "vertices" : [ {
      "x" : 11.09017,
      "y" : 11.09017,
      "z" : -46.978714
    }, {
      "x" : 14.5172205,
      "y" : 23.489357,
      "z" : -38.006577
    }, {
      "x" : 17.944271,
      "y" : 0.0,
      "z" : -29.034441
    } ],
    "faces" : [ {
      "vertices" : [ 0, 1, 2 ]
    }, {
      "vertices" : [ 0, 2, 1 ]
    } ]
  }, {
    "id" : "045bc9fb-93fd-4f6e-9487-2496077bd647",
    "vertices" : [ {
      "x" : 21.00952,
      "y" : 21.00952,
      "z" : -46.978714
    }, {
      "x" : 14.5172205,
      "y" : 23.489357,
      "z" : -38.006577
    }, {
      "x" : 29.034441,
      "y" : 17.944271,
      "z" : -35.888542
    } ],
    "faces" : [ {
      "vertices" : [ 0, 1, 2 ]
    }, {
      "vertices" : [ 0, 2, 1 ]
    } ]
  }, {
    "id" : "010eb408-f3a8-457a-8842-e9ac30aed772",
    "vertices" : [ {
      "x" : 11.09017,
      "y" : -46.978714,
      "z" : 11.09017
    }, {
      "x" : 21.00952,
      "y" : -46.978714,
      "z" : 21.00952
    }, {
      "x" : 17.944271,
      "y" : -35.888542,
      "z" : 29.034441
    }, {
      "x" : 0.0,
      "y" : -29.034441,
      "z" : 17.944271
    } ],
    "faces" : [ {
      "vertices" : [ 0, 1, 2 ]
    }, {
      "vertices" : [ 0, 2, 3 ]
    }, {
      "vertices" : [ 0, 3, 2 ]
    }, {
      "vertices" : [ 0, 2, 1 ]
    } ]
  }, {
    "id" : "6facae7d-0c17-4916-add6-b2fe6daf402d",
    "vertices" : [ {
      "x" : 0.0,
      "y" : 29.034441,
      "z" : -40.12461
    }, {
      "x" : -14.5172205,
      "y" : 23.489357,
      "z" : -38.006577
    }, {
      "x" : 0.0,
      "y" : 29.034441,
      "z" : -17.944271
    } ],
    "faces" : [ {
      "vertices" : [ 0, 1, 2 ]
    }, {
      "vertices" : [ 0, 2, 1 ]
    } ]
  }, {
    "id" : "611b2ca9-b268-4810-bd90-27450f3281f3",
    "vertices" : [ {
      "x" : -38.006577,
      "y" : -14.5172205,
      "z" : 23.489357
    }, {
      "x" : -42.01904,
      "y" : -12.984597,
      "z" : 33.994118
    }, {
      "x" : -40.12461,
      "y" : 0.0,
      "z" : 29.034441
    } ],
    "faces" : [ {
      "vertices" : [ 0, 1, 2 ]
    }, {
      "vertices" : [ 0, 2, 1 ]
    } ]
  }, {
    "id" : "e204315e-fe19-44b3-bd8e-46d4e2bef650",
    "vertices" : [ {
      "x" : -46.978714,
      "y" : 0.0,
      "z" : 0.0
    }, {
      "x" : -46.978714,
      "y" : -11.09017,
      "z" : -11.09017
    }, {
      "x" : -29.034441,
      "y" : -17.944271,
      "z" : 0.0
    } ],
    "faces" : [ {
      "vertices" : [ 0, 1, 2 ]
    }, {
      "vertices" : [ 0, 2, 1 ]
    } ]
  }, {
    "id" : "17da0228-85a4-4799-9c1b-e5be7bcd0e7b",
    "vertices" : [ {
      "x" : -14.5172205,
      "y" : -23.489357,
      "z" : -38.006577
    }, {
      "x" : -29.034441,
      "y" : -17.944271,
      "z" : -35.888542
    }, {
      "x" : -17.944271,
      "y" : 0.0,
      "z" : -29.034441
    } ],
    "faces" : [ {
      "vertices" : [ 0, 1, 2 ]
    }, {
      "vertices" : [ 0, 2, 1 ]
    } ]
  }, {
    "id" : "649b33eb-90c8-4acd-b4c1-96b7bc9f36c3",
    "vertices" : [ {
      "x" : 23.489357,
      "y" : 38.006577,
      "z" : -14.5172205
    }, {
      "x" : 17.944271,
      "y" : 35.888542,
      "z" : -29.034441
    }, {
      "x" : 0.0,
      "y" : 29.034441,
      "z" : -17.944271
    } ],
    "faces" : [ {
      "vertices" : [ 0, 1, 2 ]
    }, {
      "vertices" : [ 0, 2, 1 ]
    } ]
  }, {
    "id" : "7f002869-f694-4fb6-86e6-ac325c7d5975",
    "vertices" : [ {
      "x" : -17.944271,
      "y" : 35.888542,
      "z" : -29.034441
    }, {
      "x" : -21.00952,
      "y" : 46.978714,
      "z" : -21.00952
    }, {
      "x" : -11.09017,
      "y" : 46.978714,
      "z" : -11.09017
    }, {
      "x" : 0.0,
      "y" : 29.034441,
      "z" : -17.944271
    } ],
    "faces" : [ {
      "vertices" : [ 0, 1, 2 ]
    }, {
      "vertices" : [ 0, 2, 3 ]
    }, {
      "vertices" : [ 0, 3, 2 ]
    }, {
      "vertices" : [ 0, 2, 1 ]
    } ]
  }, {
    "id" : "c91727f1-3ae0-4cd0-960a-4cfe83c05948",
    "vertices" : [ {
      "x" : 46.978714,
      "y" : 21.00952,
      "z" : 21.00952
    }, {
      "x" : 38.006577,
      "y" : 14.5172205,
      "z" : 23.489357
    }, {
      "x" : 46.978714,
      "y" : 11.09017,
      "z" : 11.09017
    } ],
    "faces" : [ {
      "vertices" : [ 0, 1, 2 ]
    }, {
      "vertices" : [ 0, 2, 1 ]
    } ]
  }, {
    "id" : "66c8c7a4-2ae0-434a-a2ce-d4913f0dcbe9",
    "vertices" : [ {
      "x" : -40.12461,
      "y" : 0.0,
      "z" : -29.034441
    }, {
      "x" : -42.01904,
      "y" : 12.984597,
      "z" : -33.994118
    }, {
      "x" : -29.034441,
      "y" : 17.944271,
      "z" : -35.888542
    }, {
      "x" : -17.944271,
      "y" : 0.0,
      "z" : -29.034441
    } ],
    "faces" : [ {
      "vertices" : [ 0, 1, 2 ]
    }, {
      "vertices" : [ 0, 2, 3 ]
    }, {
      "vertices" : [ 0, 3, 2 ]
    }, {
      "vertices" : [ 0, 2, 1 ]
    } ]
  }, {
    "id" : "18218104-fab6-47af-8f24-c68ac8ebd811",
    "vertices" : [ {
      "x" : -46.978714,
      "y" : -11.09017,
      "z" : -11.09017
    }, {
      "x" : -38.006577,
      "y" : -14.5172205,
      "z" : -23.489357
    }, {
      "x" : -29.034441,
      "y" : -17.944271,
      "z" : 0.0
    } ],
    "faces" : [ {
      "vertices" : [ 0, 1, 2 ]
    }, {
      "vertices" : [ 0, 2, 1 ]
    } ]
  }, {
    "id" : "c7397146-a6f7-411a-8c74-f7ad594115b0",
    "vertices" : [ {
      "x" : -38.006577,
      "y" : -14.5172205,
      "z" : -23.489357
    }, {
      "x" : -40.12461,
      "y" : 0.0,
      "z" : -29.034441
    }, {
      "x" : -17.944271,
      "y" : 0.0,
      "z" : -29.034441
    } ],
    "faces" : [ {
      "vertices" : [ 0, 1, 2 ]
    }, {
      "vertices" : [ 0, 2, 1 ]
    } ]
  }, {
    "id" : "d882a72e-ce93-4dcf-8c89-8fdbf149db25",
    "vertices" : [ {
      "x" : -11.09017,
      "y" : 11.09017,
      "z" : -46.978714
    }, {
      "x" : -8.024922,
      "y" : 0.0,
      "z" : -55.003635
    }, {
      "x" : -11.09017,
      "y" : -11.09017,
      "z" : -46.978714
    }, {
      "x" : -17.944271,
      "y" : 0.0,
      "z" : -29.034441
    } ],
    "faces" : [ {
      "vertices" : [ 0, 1, 2 ]
    }, {
      "vertices" : [ 0, 2, 3 ]
    }, {
      "vertices" : [ 0, 3, 2 ]
    }, {
      "vertices" : [ 0, 2, 1 ]
    } ]
  }, {
    "id" : "ee729b0d-18bd-414d-9b7d-704793fba496",
    "vertices" : [ {
      "x" : 42.01904,
      "y" : 12.984597,
      "z" : -33.994118
    }, {
      "x" : 38.006577,
      "y" : 14.5172205,
      "z" : -23.489357
    }, {
      "x" : 40.12461,
      "y" : 0.0,
      "z" : -29.034441
    } ],
    "faces" : [ {
      "vertices" : [ 0, 1, 2 ]
    }, {
      "vertices" : [ 0, 2, 1 ]
    } ]
  }, {
    "id" : "e5ec9108-2f75-49ce-80d1-3782989f83f2",
    "vertices" : [ {
      "x" : 12.984597,
      "y" : -33.994118,
      "z" : -42.01904
    }, {
      "x" : 14.5172205,
      "y" : -23.489357,
      "z" : -38.006577
    }, {
      "x" : 17.944271,
      "y" : -35.888542,
      "z" : -29.034441
    } ],
    "faces" : [ {
      "vertices" : [ 0, 1, 2 ]
    }, {
      "vertices" : [ 0, 2, 1 ]
    } ]
  }, {
    "id" : "7e78e7cd-6b6c-4347-b040-f23b4f741d82",
    "vertices" : [ {
      "x" : -29.034441,
      "y" : 17.944271,
      "z" : -35.888542
    }, {
      "x" : -21.00952,
      "y" : 21.00952,
      "z" : -46.978714
    }, {
      "x" : -11.09017,
      "y" : 11.09017,
      "z" : -46.978714
    }, {
      "x" : -17.944271,
      "y" : 0.0,
      "z" : -29.034441
    } ],
    "faces" : [ {
      "vertices" : [ 0, 1, 2 ]
    }, {
      "vertices" : [ 0, 2, 3 ]
    }, {
      "vertices" : [ 0, 3, 2 ]
    }, {
      "vertices" : [ 0, 2, 1 ]
    } ]
  }, {
    "id" : "8f423a41-7e9d-440f-8e88-08a9669394c5",
    "vertices" : [ {
      "x" : -46.978714,
      "y" : -11.09017,
      "z" : 11.09017
    }, {
      "x" : -55.003635,
      "y" : -8.024922,
      "z" : 0.0
    }, {
      "x" : -46.978714,
      "y" : -11.09017,
      "z" : -11.09017
    }, {
      "x" : -29.034441,
      "y" : -17.944271,
      "z" : 0.0
    } ],
    "faces" : [ {
      "vertices" : [ 0, 1, 2 ]
    }, {
      "vertices" : [ 0, 2, 3 ]
    }, {
      "vertices" : [ 0, 3, 2 ]
    }, {
      "vertices" : [ 0, 2, 1 ]
    } ]
  }, {
    "id" : "c288eef3-3898-4c02-a44f-0f0d86feaa5b",
    "vertices" : [ {
      "x" : 35.888542,
      "y" : -29.034441,
      "z" : -17.944271
    }, {
      "x" : 46.978714,
      "y" : -21.00952,
      "z" : -21.00952
    }, {
      "x" : 46.978714,
      "y" : -11.09017,
      "z" : -11.09017
    }, {
      "x" : 29.034441,
      "y" : -17.944271,
      "z" : 0.0
    } ],
    "faces" : [ {
      "vertices" : [ 0, 1, 2 ]
    }, {
      "vertices" : [ 0, 2, 3 ]
    }, {
      "vertices" : [ 0, 3, 2 ]
    }, {
      "vertices" : [ 0, 2, 1 ]
    } ]
  }, {
    "id" : "53571f19-e49d-496b-a465-ea0b78143675",
    "vertices" : [ {
      "x" : 46.978714,
      "y" : 0.0,
      "z" : 0.0
    }, {
      "x" : 46.978714,
      "y" : -11.09017,
      "z" : 11.09017
    }, {
      "x" : 29.034441,
      "y" : -17.944271,
      "z" : 0.0
    } ],
    "faces" : [ {
      "vertices" : [ 0, 1, 2 ]
    }, {
      "vertices" : [ 0, 2, 1 ]
    } ]
  }, {
    "id" : "e1975f39-b808-4d63-954c-1248b3d4ff34",
    "vertices" : [ {
      "x" : -55.003635,
      "y" : 8.024922,
      "z" : 0.0
    }, {
      "x" : -46.978714,
      "y" : 0.0,
      "z" : 0.0
    }, {
      "x" : -46.978714,
      "y" : 11.09017,
      "z" : 11.09017
    } ],
    "faces" : [ {
      "vertices" : [ 0, 1, 2 ]
    }, {
      "vertices" : [ 0, 2, 1 ]
    } ]
  }, {
    "id" : "02765066-108a-4195-95ab-0e8cac2ef77d",
    "vertices" : [ {
      "x" : -11.09017,
      "y" : -46.978714,
      "z" : -11.09017
    }, {
      "x" : -21.00952,
      "y" : -46.978714,
      "z" : -21.00952
    }, {
      "x" : -17.944271,
      "y" : -35.888542,
      "z" : -29.034441
    }, {
      "x" : 0.0,
      "y" : -29.034441,
      "z" : -17.944271
    } ],
    "faces" : [ {
      "vertices" : [ 0, 1, 2 ]
    }, {
      "vertices" : [ 0, 2, 3 ]
    }, {
      "vertices" : [ 0, 3, 2 ]
    }, {
      "vertices" : [ 0, 2, 1 ]
    } ]
  }, {
    "id" : "8b054edb-7c8c-466d-842f-1cf2434f2afc",
    "vertices" : [ {
      "x" : -38.006577,
      "y" : 14.5172205,
      "z" : -23.489357
    }, {
      "x" : -29.034441,
      "y" : 17.944271,
      "z" : -35.888542
    }, {
      "x" : -17.944271,
      "y" : 0.0,
      "z" : -29.034441
    } ],
    "faces" : [ {
      "vertices" : [ 0, 1, 2 ]
    }, {
      "vertices" : [ 0, 2, 1 ]
    } ]
  }, {
    "id" : "ffc94cc7-6e1e-40f0-8267-eeb1d324055b",
    "vertices" : [ {
      "x" : -46.978714,
      "y" : 0.0,
      "z" : 0.0
    }, {
      "x" : -46.978714,
      "y" : 11.09017,
      "z" : 11.09017
    }, {
      "x" : -29.034441,
      "y" : 17.944271,
      "z" : 0.0
    } ],
    "faces" : [ {
      "vertices" : [ 0, 1, 2 ]
    }, {
      "vertices" : [ 0, 2, 1 ]
    } ]
  }, {
    "id" : "60c9437e-f9e4-4776-a754-b2bc1ba360c3",
    "vertices" : [ {
      "x" : 46.978714,
      "y" : -21.00952,
      "z" : -21.00952
    }, {
      "x" : 38.006577,
      "y" : -14.5172205,
      "z" : -23.489357
    }, {
      "x" : 46.978714,
      "y" : -11.09017,
      "z" : -11.09017
    } ],
    "faces" : [ {
      "vertices" : [ 0, 1, 2 ]
    }, {
      "vertices" : [ 0, 2, 1 ]
    } ]
  }, {
    "id" : "52660cf3-efca-43de-8898-cc89d0e7eba1",
    "vertices" : [ {
      "x" : -46.978714,
      "y" : -11.09017,
      "z" : 11.09017
    }, {
      "x" : -46.978714,
      "y" : 0.0,
      "z" : 0.0
    }, {
      "x" : -29.034441,
      "y" : -17.944271,
      "z" : 0.0
    } ],
    "faces" : [ {
      "vertices" : [ 0, 1, 2 ]
    }, {
      "vertices" : [ 0, 2, 1 ]
    } ]
  }, {
    "id" : "2c724f9f-d593-42d7-b23c-89c805195063",
    "vertices" : [ {
      "x" : 0.0,
      "y" : 46.978714,
      "z" : 0.0
    }, {
      "x" : 0.0,
      "y" : 55.003635,
      "z" : 8.024922
    }, {
      "x" : 11.09017,
      "y" : 46.978714,
      "z" : 11.09017
    } ],
    "faces" : [ {
      "vertices" : [ 0, 1, 2 ]
    }, {
      "vertices" : [ 0, 2, 1 ]
    } ]
  }, {
    "id" : "c6388da6-af09-4cd7-8e50-980588c6bcd7",
    "vertices" : [ {
      "x" : 14.5172205,
      "y" : 23.489357,
      "z" : -38.006577
    }, {
      "x" : 0.0,
      "y" : 29.034441,
      "z" : -40.12461
    }, {
      "x" : 0.0,
      "y" : 29.034441,
      "z" : -17.944271
    } ],
    "faces" : [ {
      "vertices" : [ 0, 1, 2 ]
    }, {
      "vertices" : [ 0, 2, 1 ]
    } ]
  }, {
    "id" : "f82f6af2-765b-48f8-a2a6-f11eb3abe0b1",
    "vertices" : [ {
      "x" : 42.01904,
      "y" : -12.984597,
      "z" : -33.994118
    }, {
      "x" : 38.006577,
      "y" : -14.5172205,
      "z" : -23.489357
    }, {
      "x" : 29.034441,
      "y" : -17.944271,
      "z" : -35.888542
    } ],
    "faces" : [ {
      "vertices" : [ 0, 1, 2 ]
    }, {
      "vertices" : [ 0, 2, 1 ]
    } ]
  }, {
    "id" : "b21e468d-0a20-4fbc-9d17-45cd9f42f338",
    "vertices" : [ {
      "x" : 23.489357,
      "y" : -38.006577,
      "z" : 14.5172205
    }, {
      "x" : 29.034441,
      "y" : -40.12461,
      "z" : 0.0
    }, {
      "x" : 29.034441,
      "y" : -17.944271,
      "z" : 0.0
    } ],
    "faces" : [ {
      "vertices" : [ 0, 1, 2 ]
    }, {
      "vertices" : [ 0, 2, 1 ]
    } ]
  }, {
    "id" : "2d55098b-0888-4d16-8258-0d2554e61cb6",
    "vertices" : [ {
      "x" : -40.12461,
      "y" : 0.0,
      "z" : 29.034441
    }, {
      "x" : -42.01904,
      "y" : -12.984597,
      "z" : 33.994118
    }, {
      "x" : -29.034441,
      "y" : -17.944271,
      "z" : 35.888542
    }, {
      "x" : -17.944271,
      "y" : 0.0,
      "z" : 29.034441
    } ],
    "faces" : [ {
      "vertices" : [ 0, 1, 2 ]
    }, {
      "vertices" : [ 0, 2, 3 ]
    }, {
      "vertices" : [ 0, 3, 2 ]
    }, {
      "vertices" : [ 0, 2, 1 ]
    } ]
  }, {
    "id" : "676ac9a9-5154-4cf9-8e46-d3fa0d013047",
    "vertices" : [ {
      "x" : -14.5172205,
      "y" : -23.489357,
      "z" : 38.006577
    }, {
      "x" : -17.944271,
      "y" : -35.888542,
      "z" : 29.034441
    }, {
      "x" : 0.0,
      "y" : -29.034441,
      "z" : 17.944271
    } ],
    "faces" : [ {
      "vertices" : [ 0, 1, 2 ]
    }, {
      "vertices" : [ 0, 2, 1 ]
    } ]
  }, {
    "id" : "6c41305a-167d-45dc-8966-ae19a61e8990",
    "vertices" : [ {
      "x" : 0.0,
      "y" : -46.978714,
      "z" : 0.0
    }, {
      "x" : -11.09017,
      "y" : -46.978714,
      "z" : -11.09017
    }, {
      "x" : 0.0,
      "y" : -29.034441,
      "z" : -17.944271
    } ],
    "faces" : [ {
      "vertices" : [ 0, 1, 2 ]
    }, {
      "vertices" : [ 0, 2, 1 ]
    } ]
  }, {
    "id" : "837d449b-cb87-4a3c-bafd-56286661dcc3",
    "vertices" : [ {
      "x" : 23.489357,
      "y" : 38.006577,
      "z" : -14.5172205
    }, {
      "x" : 21.00952,
      "y" : 46.978714,
      "z" : -21.00952
    }, {
      "x" : 11.09017,
      "y" : 46.978714,
      "z" : -11.09017
    } ],
    "faces" : [ {
      "vertices" : [ 0, 1, 2 ]
    }, {
      "vertices" : [ 0, 2, 1 ]
    } ]
  }, {
    "id" : "ea2ec72c-d674-4a5c-bc6a-0bd82c595213",
    "vertices" : [ {
      "x" : -29.034441,
      "y" : -17.944271,
      "z" : -35.888542
    }, {
      "x" : -38.006577,
      "y" : -14.5172205,
      "z" : -23.489357
    }, {
      "x" : -17.944271,
      "y" : 0.0,
      "z" : -29.034441
    } ],
