{
  "field" : "golden",
  "symmetry" : "icosahedral",
  "orientations" : [ [ 1.0, 0.0, 0.0, 0.0, 0.0, 1.0, 0.0, 0.0, 0.0, 0.0, 1.0, 0.0, 0.0, 0.0, 0.0, 1.0 ], [ 0.0, 0.0, 1.0, 0.0, 1.0, 0.0, 0.0, 0.0, 0.0, 1.0, 0.0, 0.0, 0.0, 0.0, 0.0, 1.0 ], [ 0.0, 1.0, 0.0, 0.0, 0.0, 0.0, 1.0, 0.0, 1.0, 0.0, 0.0, 0.0, 0.0, 0.0, 0.0, 1.0 ], [ 0.809017, 0.309017, 0.5, 0.0, 0.309017, 0.5, -0.809017, 0.0, -0.5, 0.809017, 0.309017, 0.0, 0.0, 0.0, 0.0, 1.0 ], [ -0.5, 0.809017, 0.309017, 0.0, 0.809017, 0.309017, 0.5, 0.0, 0.309017, 0.5, -0.809017, 0.0, 0.0, 0.0, 0.0, 1.0 ], [ 0.309017, 0.5, -0.809017, 0.0, -0.5, 0.809017, 0.309017, 0.0, 0.809017, 0.309017, 0.5, 0.0, 0.0, 0.0, 0.0, 1.0 ], [ 0.5, 0.809017, 0.309017, 0.0, 0.809017, -0.309017, -0.5, 0.0, -0.309017, 0.5, -0.809017, 0.0, 0.0, 0.0, 0.0, 1.0 ], [ -0.309017, 0.5, -0.809017, 0.0, 0.5, 0.809017, 0.309017, 0.0, 0.809017, -0.309017, -0.5, 0.0, 0.0, 0.0, 0.0, 1.0 ], [ 0.809017, -0.309017, -0.5, 0.0, -0.309017, 0.5, -0.809017, 0.0, 0.5, 0.809017, 0.309017, 0.0, 0.0, 0.0, 0.0, 1.0 ], [ 0.5, 0.809017, -0.309017, 0.0, 0.809017, -0.309017, 0.5, 0.0, 0.309017, -0.5, -0.809017, 0.0, 0.0, 0.0, 0.0, 1.0 ], [ 0.309017, -0.5, -0.809017, 0.0, 0.5, 0.809017, -0.309017, 0.0, 0.809017, -0.309017, 0.5, 0.0, 0.0, 0.0, 0.0, 1.0 ], [ 0.809017, -0.309017, 0.5, 0.0, 0.309017, -0.5, -0.809017, 0.0, 0.5, 0.809017, -0.309017, 0.0, 0.0, 0.0, 0.0, 1.0 ], [ 0.809017, 0.309017, -0.5, 0.0, 0.309017, 0.5, 0.809017, 0.0, 0.5, -0.809017, 0.309017, 0.0, 0.0, 0.0, 0.0, 1.0 ], [ 0.5, -0.809017, 0.309017, 0.0, 0.809017, 0.309017, -0.5, 0.0, 0.309017, 0.5, 0.809017, 0.0, 0.0, 0.0, 0.0, 1.0 ], [ 0.309017, 0.5, 0.809017, 0.0, 0.5, -0.809017, 0.309017, 0.0, 0.809017, 0.309017, -0.5, 0.0, 0.0, 0.0, 0.0, 1.0 ], [ 1.0, 0.0, 0.0, 0.0, 0.0, -1.0, 0.0, 0.0, 0.0, 0.0, -1.0, 0.0, 0.0, 0.0, 0.0, 1.0 ], [ 0.0, 0.0, 1.0, 0.0, -1.0, 0.0, 0.0, 0.0, 0.0, -1.0, 0.0, 0.0, 0.0, 0.0, 0.0, 1.0 ], [ 0.0, 1.0, 0.0, 0.0, 0.0, 0.0, -1.0, 0.0, -1.0, 0.0, 0.0, 0.0, 0.0, 0.0, 0.0, 1.0 ], [ 0.809017, 0.309017, 0.5, 0.0, -0.309017, -0.5, 0.809017, 0.0, 0.5, -0.809017, -0.309017, 0.0, 0.0, 0.0, 0.0, 1.0 ], [ -0.5, 0.809017, 0.309017, 0.0, -0.809017, -0.309017, -0.5, 0.0, -0.309017, -0.5, 0.809017, 0.0, 0.0, 0.0, 0.0, 1.0 ], [ 0.309017, 0.5, -0.809017, 0.0, 0.5, -0.809017, -0.309017, 0.0, -0.809017, -0.309017, -0.5, 0.0, 0.0, 0.0, 0.0, 1.0 ], [ 0.5, 0.809017, 0.309017, 0.0, -0.809017, 0.309017, 0.5, 0.0, 0.309017, -0.5, 0.809017, 0.0, 0.0, 0.0, 0.0, 1.0 ], [ -0.309017, 0.5, -0.809017, 0.0, -0.5, -0.809017, -0.309017, 0.0, -0.809017, 0.309017, 0.5, 0.0, 0.0, 0.0, 0.0, 1.0 ], [ 0.809017, -0.309017, -0.5, 0.0, 0.309017, -0.5, 0.809017, 0.0, -0.5, -0.809017, -0.309017, 0.0, 0.0, 0.0, 0.0, 1.0 ], [ 0.5, 0.809017, -0.309017, 0.0, -0.809017, 0.309017, -0.5, 0.0, -0.309017, 0.5, 0.809017, 0.0, 0.0, 0.0, 0.0, 1.0 ], [ 0.309017, -0.5, -0.809017, 0.0, -0.5, -0.809017, 0.309017, 0.0, -0.809017, 0.309017, -0.5, 0.0, 0.0, 0.0, 0.0, 1.0 ], [ 0.809017, -0.309017, 0.5, 0.0, -0.309017, 0.5, 0.809017, 0.0, -0.5, -0.809017, 0.309017, 0.0, 0.0, 0.0, 0.0, 1.0 ], [ 0.809017, 0.309017, -0.5, 0.0, -0.309017, -0.5, -0.809017, 0.0, -0.5, 0.809017, -0.309017, 0.0, 0.0, 0.0, 0.0, 1.0 ], [ 0.5, -0.809017, 0.309017, 0.0, -0.809017, -0.309017, 0.5, 0.0, -0.309017, -0.5, -0.809017, 0.0, 0.0, 0.0, 0.0, 1.0 ], [ 0.309017, 0.5, 0.809017, 0.0, -0.5, 0.809017, -0.309017, 0.0, -0.809017, -0.309017, 0.5, 0.0, 0.0, 0.0, 0.0, 1.0 ], [ -1.0, 0.0, 0.0, 0.0, 0.0, -1.0, 0.0, 0.0, 0.0, 0.0, 1.0, 0.0, 0.0, 0.0, 0.0, 1.0 ], [ 0.0, 0.0, -1.0, 0.0, -1.0, 0.0, 0.0, 0.0, 0.0, 1.0, 0.0, 0.0, 0.0, 0.0, 0.0, 1.0 ], [ 0.0, -1.0, 0.0, 0.0, 0.0, 0.0, -1.0, 0.0, 1.0, 0.0, 0.0, 0.0, 0.0, 0.0, 0.0, 1.0 ], [ -0.809017, -0.309017, -0.5, 0.0, -0.309017, -0.5, 0.809017, 0.0, -0.5, 0.809017, 0.309017, 0.0, 0.0, 0.0, 0.0, 1.0 ], [ 0.5, -0.809017, -0.309017, 0.0, -0.809017, -0.309017, -0.5, 0.0, 0.309017, 0.5, -0.809017, 0.0, 0.0, 0.0, 0.0, 1.0 ], [ -0.309017, -0.5, 0.809017, 0.0, 0.5, -0.809017, -0.309017, 0.0, 0.809017, 0.309017, 0.5, 0.0, 0.0, 0.0, 0.0, 1.0 ], [ -0.5, -0.809017, -0.309017, 0.0, -0.809017, 0.309017, 0.5, 0.0, -0.309017, 0.5, -0.809017, 0.0, 0.0, 0.0, 0.0, 1.0 ], [ 0.309017, -0.5, 0.809017, 0.0, -0.5, -0.809017, -0.309017, 0.0, 0.809017, -0.309017, -0.5, 0.0, 0.0, 0.0, 0.0, 1.0 ], [ -0.809017, 0.309017, 0.5, 0.0, 0.309017, -0.5, 0.809017, 0.0, 0.5, 0.809017, 0.309017, 0.0, 0.0, 0.0, 0.0, 1.0 ], [ -0.5, -0.809017, 0.309017, 0.0, -0.809017, 0.309017, -0.5, 0.0, 0.309017, -0.5, -0.809017, 0.0, 0.0, 0.0, 0.0, 1.0 ], [ -0.309017, 0.5, 0.809017, 0.0, -0.5, -0.809017, 0.309017, 0.0, 0.809017, -0.309017, 0.5, 0.0, 0.0, 0.0, 0.0, 1.0 ], [ -0.809017, 0.309017, -0.5, 0.0, -0.309017, 0.5, 0.809017, 0.0, 0.5, 0.809017, -0.309017, 0.0, 0.0, 0.0, 0.0, 1.0 ], [ -0.809017, -0.309017, 0.5, 0.0, -0.309017, -0.5, -0.809017, 0.0, 0.5, -0.809017, 0.309017, 0.0, 0.0, 0.0, 0.0, 1.0 ], [ -0.5, 0.809017, -0.309017, 0.0, -0.809017, -0.309017, 0.5, 0.0, 0.309017, 0.5, 0.809017, 0.0, 0.0, 0.0, 0.0, 1.0 ], [ -0.309017, -0.5, -0.809017, 0.0, -0.5, 0.809017, -0.309017, 0.0, 0.809017, 0.309017, -0.5, 0.0, 0.0, 0.0, 0.0, 1.0 ], [ -1.0, 0.0, 0.0, 0.0, 0.0, 1.0, 0.0, 0.0, 0.0, 0.0, -1.0, 0.0, 0.0, 0.0, 0.0, 1.0 ], [ 0.0, 0.0, -1.0, 0.0, 1.0, 0.0, 0.0, 0.0, 0.0, -1.0, 0.0, 0.0, 0.0, 0.0, 0.0, 1.0 ], [ 0.0, -1.0, 0.0, 0.0, 0.0, 0.0, 1.0, 0.0, -1.0, 0.0, 0.0, 0.0, 0.0, 0.0, 0.0, 1.0 ], [ -0.809017, -0.309017, -0.5, 0.0, 0.309017, 0.5, -0.809017, 0.0, 0.5, -0.809017, -0.309017, 0.0, 0.0, 0.0, 0.0, 1.0 ], [ 0.5, -0.809017, -0.309017, 0.0, 0.809017, 0.309017, 0.5, 0.0, -0.309017, -0.5, 0.809017, 0.0, 0.0, 0.0, 0.0, 1.0 ], [ -0.309017, -0.5, 0.809017, 0.0, -0.5, 0.809017, 0.309017, 0.0, -0.809017, -0.309017, -0.5, 0.0, 0.0, 0.0, 0.0, 1.0 ], [ -0.5, -0.809017, -0.309017, 0.0, 0.809017, -0.309017, -0.5, 0.0, 0.309017, -0.5, 0.809017, 0.0, 0.0, 0.0, 0.0, 1.0 ], [ 0.309017, -0.5, 0.809017, 0.0, 0.5, 0.809017, 0.309017, 0.0, -0.809017, 0.309017, 0.5, 0.0, 0.0, 0.0, 0.0, 1.0 ], [ -0.809017, 0.309017, 0.5, 0.0, -0.309017, 0.5, -0.809017, 0.0, -0.5, -0.809017, -0.309017, 0.0, 0.0, 0.0, 0.0, 1.0 ], [ -0.5, -0.809017, 0.309017, 0.0, 0.809017, -0.309017, 0.5, 0.0, -0.309017, 0.5, 0.809017, 0.0, 0.0, 0.0, 0.0, 1.0 ], [ -0.309017, 0.5, 0.809017, 0.0, 0.5, 0.809017, -0.309017, 0.0, -0.809017, 0.309017, -0.5, 0.0, 0.0, 0.0, 0.0, 1.0 ], [ -0.809017, 0.309017, -0.5, 0.0, 0.309017, -0.5, -0.809017, 0.0, -0.5, -0.809017, 0.309017, 0.0, 0.0, 0.0, 0.0, 1.0 ], [ -0.809017, -0.309017, 0.5, 0.0, 0.309017, 0.5, 0.809017, 0.0, -0.5, 0.809017, -0.309017, 0.0, 0.0, 0.0, 0.0, 1.0 ], [ -0.5, 0.809017, -0.309017, 0.0, 0.809017, 0.309017, -0.5, 0.0, -0.309017, -0.5, -0.809017, 0.0, 0.0, 0.0, 0.0, 1.0 ], [ -0.309017, -0.5, -0.809017, 0.0, 0.5, -0.809017, 0.309017, 0.0, -0.809017, -0.309017, 0.5, 0.0, 0.0, 0.0, 0.0, 1.0 ] ],
  "lights" : {
    "directionalLights" : [ {
      "direction" : [ 1.0, -1.0, -1.0 ],
      "color" : "#EBEBE4"
    }, {
      "direction" : [ -1.0, 0.0, 0.0 ],
      "color" : "#E4E4EB"
    }, {
      "direction" : [ 0.0, 0.0, -1.0 ],
      "color" : "#1E1E1E"
    } ],
    "ambientColor" : "#292929",
    "backgroundColor" : "#AFC8DC"
  },
  "camera" : {
    "position" : {
      "x" : 628.26526,
      "y" : -351.97693,
      "z" : 177.31801
    },
    "perspective" : true,
    "viewDistance" : 741.65155,
    "nearClipDistance" : 1.8541286,
    "farClipDistance" : 1483.3021,
    "lookAtPoint" : {
      "x" : 0.0,
      "y" : 0.0,
      "z" : 0.0
    },
    "fieldOfView" : 0.44262874,
    "lookDirection" : {
      "x" : -0.84711653,
      "y" : 0.47458532,
      "z" : -0.23908533
    },
    "upDirection" : {
      "x" : 0.23174366,
      "y" : 0.73479545,
      "z" : 0.6374751
    },
    "stereo" : false,
    "width" : 333.74307
  },
  "embedding" : [ 1.0, 0.0, 0.0, 0.0, 0.0, 1.0, 0.0, 0.0, 0.0, 0.0, 1.0, 0.0, 0.0, 0.0, 0.0, 1.0 ],
  "shapes" : [ {
    "id" : "b3bb9823-efa3-4aae-a4c9-12969a591115",
    "vertices" : [ {
      "x" : 37.69756,
      "y" : 14.399187,
      "z" : -5.5
    }, {
      "x" : 37.315594,
      "y" : 13.944272,
      "z" : -5.309017
    }, {
      "x" : 37.152477,
      "y" : 14.208204,
      "z" : -5.736068
    }, {
      "x" : 37.079525,
      "y" : 14.472136,
      "z" : -5.545085
    }, {
      "x" : 0.85410196,
      "y" : 0.309017,
      "z" : 0.19098301
    }, {
      "x" : 0.690983,
      "y" : 0.572949,
      "z" : -0.23606798
    }, {
      "x" : 0.309017,
      "y" : 0.11803399,
      "z" : -0.045084972
    }, {
      "x" : 0.76393205,
      "y" : 0.309017,
      "z" : -0.42705098
    }, {
      "x" : 0.927051,
      "y" : 0.045084972,
      "z" : 0.0
    }, {
      "x" : 37.242645,
      "y" : 14.208204,
      "z" : -5.118034
    }, {
      "x" : 38.006577,
      "y" : 14.5172205,
      "z" : -5.545085
    } ],
    "faces" : [ {
      "vertices" : [ 2, 7, 5 ]
    }, {
      "vertices" : [ 2, 5, 3 ]
    }, {
      "vertices" : [ 1, 8, 7 ]
    }, {
      "vertices" : [ 1, 7, 2 ]
    }, {
      "vertices" : [ 4, 6, 8 ]
    }, {
      "vertices" : [ 5, 7, 6 ]
    }, {
      "vertices" : [ 0, 1, 2 ]
    }, {
      "vertices" : [ 0, 2, 3 ]
    }, {
      "vertices" : [ 6, 7, 8 ]
    }, {
      "vertices" : [ 3, 5, 4 ]
    }, {
      "vertices" : [ 3, 4, 9 ]
    }, {
      "vertices" : [ 1, 9, 4 ]
    }, {
      "vertices" : [ 1, 4, 8 ]
    }, {
      "vertices" : [ 0, 9, 1 ]
    }, {
      "vertices" : [ 0, 3, 9 ]
    }, {
      "vertices" : [ 4, 5, 6 ]
    } ]
  }, {
    "id" : "4a432671-02c6-4735-9f1a-d27aabaff1b5",
    "vertices" : [ {
      "x" : 0.0,
      "y" : -29.034441,
      "z" : -76.01315
    }, {
      "x" : 21.00952,
      "y" : -21.00952,
      "z" : -46.978714
    }, {
      "x" : 46.978714,
      "y" : -46.978714,
      "z" : -46.978714
    } ],
    "faces" : [ {
      "vertices" : [ 0, 1, 2 ]
    }, {
      "vertices" : [ 0, 2, 1 ]
    } ]
  }, {
    "id" : "d0acdc39-f542-4519-b3e4-04bf41e44341",
    "vertices" : [ {
      "x" : 10.195743,
      "y" : 3.8944273,
      "z" : -1.4875388
    }, {
      "x" : 9.813777,
      "y" : 3.4395123,
      "z" : -1.2965558
    }, {
      "x" : 9.650658,
      "y" : 3.7034442,
      "z" : -1.7236068
    }, {
      "x" : 9.577709,
      "y" : 3.9673762,
      "z" : -1.5326238
    }, {
      "x" : 0.85410196,
      "y" : 0.309017,
      "z" : 0.19098301
    }, {
      "x" : 0.690983,
      "y" : 0.572949,
      "z" : -0.23606798
    }, {
      "x" : 0.309017,
      "y" : 0.11803399,
      "z" : -0.045084972
    }, {
      "x" : 0.76393205,
      "y" : 0.309017,
      "z" : -0.42705098
    }, {
      "x" : 0.927051,
      "y" : 0.045084972,
      "z" : 0.0
    }, {
      "x" : 9.740828,
      "y" : 3.7034442,
      "z" : -1.1055728
    }, {
      "x" : 10.50476,
      "y" : 4.012461,
      "z" : -1.5326238
    } ],
    "faces" : [ {
      "vertices" : [ 2, 7, 5 ]
    }, {
      "vertices" : [ 2, 5, 3 ]
    }, {
      "vertices" : [ 1, 8, 7 ]
    }, {
      "vertices" : [ 1, 7, 2 ]
    }, {
      "vertices" : [ 4, 6, 8 ]
    }, {
      "vertices" : [ 5, 7, 6 ]
    }, {
      "vertices" : [ 0, 1, 2 ]
    }, {
      "vertices" : [ 0, 2, 3 ]
    }, {
      "vertices" : [ 6, 7, 8 ]
    }, {
      "vertices" : [ 3, 5, 4 ]
    }, {
      "vertices" : [ 3, 4, 9 ]
    }, {
      "vertices" : [ 1, 9, 4 ]
    }, {
      "vertices" : [ 1, 4, 8 ]
    }, {
      "vertices" : [ 0, 9, 1 ]
    }, {
      "vertices" : [ 0, 3, 9 ]
    }, {
      "vertices" : [ 4, 5, 6 ]
    } ]
  }, {
    "id" : "42026f63-dcd8-4fb5-b5f2-9d10f34ac9f4",
    "vertices" : [ {
      "x" : 0.0,
      "y" : -29.034441,
      "z" : -76.01315
    }, {
      "x" : -8.024922,
      "y" : 0.0,
      "z" : -55.003635
    }, {
      "x" : 0.0,
      "y" : 0.0,
      "z" : -46.978714
    } ],
    "faces" : [ {
      "vertices" : [ 0, 1, 2 ]
    }, {
      "vertices" : [ 0, 2, 1 ]
    } ]
  }, {
    "id" : "62d78ba4-5526-464d-8b9d-3cc58366cb97",
    "vertices" : [ {
      "x" : 33.6851,
      "y" : 12.866563,
      "z" : -4.91459
    }, {
      "x" : 33.303135,
      "y" : 12.411648,
      "z" : -4.7236066
    }, {
      "x" : 33.140015,
      "y" : 12.67558,
      "z" : -5.1506577
    }, {
      "x" : 33.067066,
      "y" : 12.939512,
      "z" : -4.959675
    }, {
      "x" : 0.85410196,
      "y" : 0.309017,
      "z" : 0.19098301
    }, {
      "x" : 0.690983,
      "y" : 0.572949,
      "z" : -0.23606798
    }, {
      "x" : 0.309017,
      "y" : 0.11803399,
      "z" : -0.045084972
    }, {
      "x" : 0.76393205,
      "y" : 0.309017,
      "z" : -0.42705098
    }, {
      "x" : 0.927051,
      "y" : 0.045084972,
      "z" : 0.0
    }, {
      "x" : 33.230186,
      "y" : 12.67558,
      "z" : -4.532624
    }, {
      "x" : 33.994118,
      "y" : 12.984597,
      "z" : -4.959675
    } ],
    "faces" : [ {
      "vertices" : [ 2, 7, 5 ]
    }, {
      "vertices" : [ 2, 5, 3 ]
    }, {
      "vertices" : [ 1, 8, 7 ]
    }, {
      "vertices" : [ 1, 7, 2 ]
    }, {
      "vertices" : [ 4, 6, 8 ]
    }, {
      "vertices" : [ 5, 7, 6 ]
    }, {
      "vertices" : [ 0, 1, 2 ]
    }, {
      "vertices" : [ 0, 2, 3 ]
    }, {
      "vertices" : [ 6, 7, 8 ]
    }, {
      "vertices" : [ 3, 5, 4 ]
    }, {
      "vertices" : [ 3, 4, 9 ]
    }, {
      "vertices" : [ 1, 9, 4 ]
    }, {
      "vertices" : [ 1, 4, 8 ]
    }, {
      "vertices" : [ 0, 9, 1 ]
    }, {
      "vertices" : [ 0, 3, 9 ]
    }, {
      "vertices" : [ 4, 5, 6 ]
    } ]
  }, {
    "id" : "b8e6b13c-4ac4-4f27-957e-2b40cf53cd70",
    "vertices" : [ {
      "x" : 1.0,
      "y" : 0.309017,
      "z" : 0.19098301
    }, {
      "x" : 1.0,
      "y" : -0.309017,
      "z" : 0.19098301
    }, {
      "x" : 57.068882,
      "y" : -0.309017,
      "z" : 0.19098301
    }, {
      "x" : 57.068882,
      "y" : 0.309017,
      "z" : 0.19098301
    }, {
      "x" : 57.068882,
      "y" : -0.309017,
      "z" : -0.19098301
    }, {
      "x" : 57.068882,
      "y" : 0.309017,
      "z" : -0.19098301
    }, {
      "x" : 57.686916,
      "y" : 0.0,
      "z" : 0.0
    }, {
      "x" : 0.38196602,
      "y" : 0.0,
      "z" : 0.0
    }, {
      "x" : 1.0,
      "y" : 0.309017,
      "z" : -0.19098301
    }, {
      "x" : 1.0,
      "y" : -0.309017,
      "z" : -0.19098301
    }, {
      "x" : 58.068882,
      "y" : 0.0,
      "z" : 0.0
    } ],
    "faces" : [ {
      "vertices" : [ 1, 9, 4 ]
    }, {
      "vertices" : [ 1, 4, 2 ]
    }, {
      "vertices" : [ 0, 3, 5 ]
    }, {
      "vertices" : [ 0, 5, 8 ]
    }, {
      "vertices" : [ 1, 7, 9 ]
    }, {
      "vertices" : [ 0, 1, 2 ]
    }, {
      "vertices" : [ 0, 2, 3 ]
    }, {
      "vertices" : [ 7, 8, 9 ]
    }, {
      "vertices" : [ 0, 7, 1 ]
    }, {
      "vertices" : [ 4, 9, 8 ]
    }, {
      "vertices" : [ 4, 8, 5 ]
    }, {
      "vertices" : [ 2, 6, 3 ]
    }, {
      "vertices" : [ 2, 4, 6 ]
    }, {
      "vertices" : [ 3, 6, 5 ]
    }, {
      "vertices" : [ 4, 5, 6 ]
    }, {
      "vertices" : [ 0, 8, 7 ]
    } ]
  }, {
    "id" : "93ed233b-6813-4d57-b27e-cd93878736e4",
    "vertices" : [ {
      "x" : -76.01315,
      "y" : 0.0,
      "z" : -29.034441
    }, {
      "x" : -55.003635,
      "y" : -8.024922,
      "z" : 0.0
    }, {
      "x" : -76.01315,
      "y" : 0.0,
      "z" : 29.034441
    } ],
    "faces" : [ {
      "vertices" : [ 0, 1, 2 ]
    }, {
      "vertices" : [ 0, 2, 1 ]
    } ]
  }, {
    "id" : "19475d14-6a50-4c3e-8fcf-733660d34ee4",
    "vertices" : [ {
      "x" : 29.034441,
      "y" : -76.01315,
      "z" : 0.0
    }, {
      "x" : 0.0,
      "y" : -55.003635,
      "z" : 8.024922
    }, {
      "x" : 0.0,
      "y" : -46.978714,
      "z" : 0.0
    } ],
    "faces" : [ {
      "vertices" : [ 0, 1, 2 ]
    }, {
      "vertices" : [ 0, 2, 1 ]
    } ]
  }, {
    "id" : "62476c20-5fdb-4461-b682-0b2db8149fcf",
    "vertices" : [ {
      "x" : -46.978714,
      "y" : 46.978714,
      "z" : -46.978714
    }, {
      "x" : -38.006577,
      "y" : 14.5172205,
      "z" : -23.489357
    }, {
      "x" : -46.978714,
      "y" : 21.00952,
      "z" : -21.00952
    } ],
    "faces" : [ {
      "vertices" : [ 0, 1, 2 ]
    }, {
      "vertices" : [ 0, 2, 1 ]
    } ]
  }, {
    "id" : "c2375fc0-46ea-4032-bf3d-d6e837f31a38",
    "vertices" : [ {
      "x" : 0.0,
      "y" : -29.034441,
      "z" : -76.01315
    }, {
      "x" : 0.0,
      "y" : 0.0,
      "z" : -46.978714
    }, {
      "x" : 8.024922,
      "y" : 0.0,
      "z" : -55.003635
    } ],
    "faces" : [ {
      "vertices" : [ 0, 1, 2 ]
    }, {
      "vertices" : [ 0, 2, 1 ]
    } ]
  }, {
    "id" : "621c390b-df4f-4ef0-8898-304ee13dda72",
    "vertices" : [ {
      "x" : 0.0,
      "y" : 29.034441,
      "z" : -76.01315
    }, {
      "x" : 8.024922,
      "y" : 0.0,
      "z" : -55.003635
    }, {
      "x" : 0.0,
      "y" : -29.034441,
      "z" : -76.01315
    } ],
    "faces" : [ {
      "vertices" : [ 0, 1, 2 ]
    }, {
      "vertices" : [ 0, 2, 1 ]
    } ]
  }, {
    "id" : "d786fe44-c60d-41ea-960b-3290829ed1f4",
    "vertices" : [ {
      "x" : 0.0,
      "y" : -29.034441,
      "z" : -76.01315
    }, {
      "x" : -12.984597,
      "y" : -33.994118,
      "z" : -42.01904
    }, {
      "x" : -14.5172205,
      "y" : -23.489357,
      "z" : -38.006577
    } ],
    "faces" : [ {
      "vertices" : [ 0, 1, 2 ]
    }, {
      "vertices" : [ 0, 2, 1 ]
    } ]
  }, {
    "id" : "62b09dbe-c053-4e9d-b264-c2e7205dc655",
    "vertices" : [ {
      "x" : 76.01315,
      "y" : 0.0,
      "z" : -29.034441
    }, {
      "x" : 46.978714,
      "y" : -21.00952,
      "z" : -21.00952
    }, {
      "x" : 38.006577,
      "y" : -14.5172205,
      "z" : -23.489357
    } ],
    "faces" : [ {
      "vertices" : [ 0, 1, 2 ]
    }, {
      "vertices" : [ 0, 2, 1 ]
    } ]
  }, {
    "id" : "c1eee27a-30a2-4935-a2e3-2656697fc004",
    "vertices" : [ {
      "x" : 0.0,
      "y" : -29.034441,
      "z" : -76.01315
    }, {
      "x" : 14.5172205,
      "y" : -23.489357,
      "z" : -38.006577
    }, {
      "x" : 12.984597,
      "y" : -33.994118,
      "z" : -42.01904
    } ],
    "faces" : [ {
      "vertices" : [ 0, 1, 2 ]
    }, {
      "vertices" : [ 0, 2, 1 ]
    } ]
  }, {
    "id" : "0baefed9-b606-4847-bb02-5ea8a4be01ed",
    "vertices" : [ {
      "x" : -29.034441,
      "y" : -76.01315,
      "z" : 0.0
    }, {
      "x" : 0.0,
      "y" : -55.003635,
      "z" : -8.024922
    }, {
      "x" : 0.0,
      "y" : -46.978714,
      "z" : 0.0
    } ],
    "faces" : [ {
      "vertices" : [ 0, 1, 2 ]
    }, {
      "vertices" : [ 0, 2, 1 ]
    } ]
  }, {
    "id" : "e0ed42fd-91cc-40cd-9c48-2b9e8821cc34",
    "vertices" : [ {
      "x" : -29.034441,
      "y" : 76.01315,
      "z" : 0.0
    }, {
      "x" : -21.00952,
      "y" : 46.978714,
      "z" : -21.00952
    }, {
      "x" : -23.489357,
      "y" : 38.006577,
      "z" : -14.5172205
    } ],
    "faces" : [ {
      "vertices" : [ 0, 1, 2 ]
    }, {
      "vertices" : [ 0, 2, 1 ]
    } ]
  }, {
    "id" : "230d6844-c848-4d62-8c86-3f981b18a258",
    "vertices" : [ {
      "x" : -76.01315,
      "y" : 0.0,
      "z" : 29.034441
    }, {
      "x" : -46.978714,
      "y" : -21.00952,
      "z" : 21.00952
    }, {
      "x" : -38.006577,
      "y" : -14.5172205,
      "z" : 23.489357
    } ],
    "faces" : [ {
      "vertices" : [ 0, 1, 2 ]
    }, {
      "vertices" : [ 0, 2, 1 ]
    } ]
  }, {
    "id" : "d1fddb1c-62ad-4cc1-86af-7fb5ef9cb087",
    "vertices" : [ {
      "x" : -29.034441,
      "y" : -76.01315,
      "z" : 0.0
    }, {
      "x" : -21.00952,
      "y" : -46.978714,
      "z" : 21.00952
    }, {
      "x" : -23.489357,
      "y" : -38.006577,
      "z" : 14.5172205
    } ],
    "faces" : [ {
      "vertices" : [ 0, 1, 2 ]
    }, {
      "vertices" : [ 0, 2, 1 ]
    } ]
  }, {
    "id" : "0d4bdcf4-8d79-4a84-851e-d7a300f35d5f",
    "vertices" : [ {
      "x" : 46.978714,
      "y" : -46.978714,
      "z" : -46.978714
    }, {
      "x" : 12.984597,
      "y" : -33.994118,
      "z" : -42.01904
    }, {
      "x" : 0.0,
      "y" : -29.034441,
      "z" : -76.01315
    } ],
    "faces" : [ {
      "vertices" : [ 0, 1, 2 ]
    }, {
      "vertices" : [ 0, 2, 1 ]
    } ]
  }, {
    "id" : "5fd47467-1571-4b9b-ae20-df0aca7acb9b",
    "vertices" : [ {
      "x" : -76.01315,
      "y" : 0.0,
      "z" : 29.034441
    }, {
      "x" : -46.978714,
      "y" : 0.0,
      "z" : 0.0
    }, {
      "x" : -55.003635,
      "y" : -8.024922,
      "z" : 0.0
    } ],
    "faces" : [ {
      "vertices" : [ 0, 1, 2 ]
    }, {
      "vertices" : [ 0, 2, 1 ]
    } ]
  }, {
    "id" : "b2433341-7d98-4f2b-b9f8-88dcd98dc06b",
    "vertices" : [ {
      "x" : 76.01315,
      "y" : 0.0,
      "z" : 29.034441
    }, {
      "x" : 55.003635,
      "y" : -8.024922,
      "z" : 0.0
    }, {
      "x" : 76.01315,
      "y" : 0.0,
      "z" : -29.034441
    } ],
    "faces" : [ {
      "vertices" : [ 0, 1, 2 ]
    }, {
      "vertices" : [ 0, 2, 1 ]
    } ]
  }, {
    "id" : "73bb2b67-ff59-4f38-8d4b-b65cef3f34e2",
    "vertices" : [ {
      "x" : -29.034441,
      "y" : 76.01315,
      "z" : 0.0
    }, {
      "x" : -23.489357,
      "y" : 38.006577,
      "z" : -14.5172205
    }, {
      "x" : -33.994118,
      "y" : 42.01904,
      "z" : -12.984597
    } ],
    "faces" : [ {
      "vertices" : [ 0, 1, 2 ]
    }, {
      "vertices" : [ 0, 2, 1 ]
    } ]
  }, {
    "id" : "75df2611-c138-45d0-9e66-3015914e1f81",
    "vertices" : [ {
      "x" : 0.0,
      "y" : 29.034441,
      "z" : -76.01315
    }, {
      "x" : 8.024922,
      "y" : 0.0,
      "z" : -55.003635
    }, {
      "x" : 0.0,
      "y" : 0.0,
      "z" : -46.978714
    } ],
    "faces" : [ {
      "vertices" : [ 0, 1, 2 ]
    }, {
      "vertices" : [ 0, 2, 1 ]
    } ]
  }, {
    "id" : "1eab41aa-0135-4ec5-be9f-608147fb479a",
    "vertices" : [ {
      "x" : 46.978714,
      "y" : 46.978714,
      "z" : -46.978714
    }, {
      "x" : 46.978714,
      "y" : 21.00952,
      "z" : -21.00952
    }, {
      "x" : 76.01315,
      "y" : 0.0,
      "z" : -29.034441
    } ],
    "faces" : [ {
      "vertices" : [ 0, 1, 2 ]
    }, {
      "vertices" : [ 0, 2, 1 ]
    } ]
  }, {
    "id" : "59dc79e1-dcd0-4b73-a861-8d36384b62e4",
    "vertices" : [ {
      "x" : 29.034441,
      "y" : -76.01315,
      "z" : 0.0
    }, {
      "x" : 23.489357,
      "y" : -38.006577,
      "z" : 14.5172205
    }, {
      "x" : 21.00952,
      "y" : -46.978714,
      "z" : 21.00952
    } ],
    "faces" : [ {
      "vertices" : [ 0, 1, 2 ]
    }, {
      "vertices" : [ 0, 2, 1 ]
    } ]
  }, {
    "id" : "7e4b08bc-afa7-4233-95df-17c585c4a30e",
    "vertices" : [ {
      "x" : 76.01315,
      "y" : 0.0,
      "z" : 29.034441
    }, {
      "x" : 46.978714,
      "y" : 0.0,
      "z" : 0.0
    }, {
      "x" : 55.003635,
      "y" : 8.024922,
      "z" : 0.0
    } ],
    "faces" : [ {
      "vertices" : [ 0, 1, 2 ]
    }, {
      "vertices" : [ 0, 2, 1 ]
    } ]
  }, {
    "id" : "84f4499c-0896-4b9f-baf7-f36b99c23e5d",
    "vertices" : [ {
      "x" : 0.0,
      "y" : -29.034441,
      "z" : -76.01315
    }, {
      "x" : -14.5172205,
      "y" : -23.489357,
      "z" : -38.006577
    }, {
      "x" : -21.00952,
      "y" : -21.00952,
      "z" : -46.978714
    } ],
    "faces" : [ {
      "vertices" : [ 0, 1, 2 ]
    }, {
      "vertices" : [ 0, 2, 1 ]
    } ]
  }, {
    "id" : "4a517e52-aee2-4b48-b4c5-24aac2fa2695",
    "vertices" : [ {
      "x" : 76.01315,
      "y" : 0.0,
      "z" : -29.034441
    }, {
      "x" : 42.01904,
      "y" : 12.984597,
      "z" : -33.994118
    }, {
      "x" : 46.978714,
      "y" : 46.978714,
      "z" : -46.978714
    } ],
    "faces" : [ {
      "vertices" : [ 0, 1, 2 ]
    }, {
      "vertices" : [ 0, 2, 1 ]
    } ]
  }, {
    "id" : "840478c3-e831-4514-bc4c-99ade44ce2e5",
    "vertices" : [ {
      "x" : -29.034441,
      "y" : 76.01315,
      "z" : 0.0
    }, {
      "x" : 0.0,
      "y" : 55.003635,
      "z" : 8.024922
    }, {
      "x" : 29.034441,
      "y" : 76.01315,
      "z" : 0.0
    } ],
    "faces" : [ {
      "vertices" : [ 0, 1, 2 ]
    }, {
      "vertices" : [ 0, 2, 1 ]
    } ]
  }, {
    "id" : "bfa29c4b-c669-4391-a34b-cb3d74b440e4",
    "vertices" : [ {
      "x" : 0.0,
      "y" : 29.034441,
      "z" : -76.01315
    }, {
      "x" : -21.00952,
      "y" : 21.00952,
      "z" : -46.978714
    }, {
      "x" : -46.978714,
      "y" : 46.978714,
      "z" : -46.978714
    } ],
    "faces" : [ {
      "vertices" : [ 0, 1, 2 ]
    }, {
      "vertices" : [ 0, 2, 1 ]
    } ]
  }, {
    "id" : "1b6917bd-5845-4072-b520-c63f36765817",
    "vertices" : [ {
      "x" : 0.0,
      "y" : 29.034441,
      "z" : -76.01315
    }, {
      "x" : -21.00952,
      "y" : 21.00952,
      "z" : -46.978714
    }, {
      "x" : -14.5172205,
      "y" : 23.489357,
      "z" : -38.006577
    } ],
    "faces" : [ {
      "vertices" : [ 0, 1, 2 ]
    }, {
      "vertices" : [ 0, 2, 1 ]
    } ]
  }, {
    "id" : "484f49ea-5416-4312-919a-ae3c3bcbd37f",
    "vertices" : [ {
      "x" : 29.034441,
      "y" : -76.01315,
      "z" : 0.0
    }, {
      "x" : 33.994118,
      "y" : -42.01904,
      "z" : 12.984597
    }, {
      "x" : 46.978714,
      "y" : -46.978714,
      "z" : 46.978714
    } ],
    "faces" : [ {
      "vertices" : [ 0, 1, 2 ]
    }, {
      "vertices" : [ 0, 2, 1 ]
    } ]
  }, {
    "id" : "c5989ee3-e7de-4630-9a13-8819b6d82b16",
    "vertices" : [ {
      "x" : -46.978714,
      "y" : -46.978714,
      "z" : -46.978714
    }, {
      "x" : -23.489357,
      "y" : -38.006577,
      "z" : -14.5172205
    }, {
      "x" : -33.994118,
      "y" : -42.01904,
      "z" : -12.984597
    } ],
    "faces" : [ {
      "vertices" : [ 0, 1, 2 ]
    }, {
      "vertices" : [ 0, 2, 1 ]
    } ]
  }, {
    "id" : "25840b74-b53d-47a2-8c96-11cab36dd3bd",
    "vertices" : [ {
      "x" : 76.01315,
      "y" : 0.0,
      "z" : -29.034441
    }, {
      "x" : 42.01904,
      "y" : 12.984597,
      "z" : -33.994118
    }, {
      "x" : 38.006577,
      "y" : 14.5172205,
      "z" : -23.489357
    } ],
    "faces" : [ {
      "vertices" : [ 0, 1, 2 ]
    }, {
      "vertices" : [ 0, 2, 1 ]
    } ]
  }, {
    "id" : "6c670f33-1197-4f70-b7f6-a696163d1278",
    "vertices" : [ {
      "x" : -76.01315,
      "y" : 0.0,
      "z" : -29.034441
    }, {
      "x" : -42.01904,
      "y" : -12.984597,
      "z" : -33.994118
    }, {
      "x" : -38.006577,
      "y" : -14.5172205,
      "z" : -23.489357
    } ],
    "faces" : [ {
      "vertices" : [ 0, 1, 2 ]
    }, {
      "vertices" : [ 0, 2, 1 ]
    } ]
  }, {
    "id" : "a2abb339-dc7c-47fb-8f1a-843ccdba70ef",
    "vertices" : [ {
      "x" : 1.0,
      "y" : 0.309017,
      "z" : 0.19098301
    }, {
      "x" : 1.0,
      "y" : -0.309017,
      "z" : 0.19098301
    }, {
      "x" : 15.049845,
      "y" : -0.309017,
      "z" : 0.19098301
    }, {
      "x" : 15.049845,
      "y" : 0.309017,
      "z" : 0.19098301
    }, {
      "x" : 15.049845,
      "y" : -0.309017,
      "z" : -0.19098301
    }, {
      "x" : 15.049845,
      "y" : 0.309017,
      "z" : -0.19098301
    }, {
      "x" : 15.667879,
      "y" : 0.0,
      "z" : 0.0
    }, {
      "x" : 0.38196602,
      "y" : 0.0,
      "z" : 0.0
    }, {
      "x" : 1.0,
      "y" : 0.309017,
      "z" : -0.19098301
    }, {
      "x" : 1.0,
      "y" : -0.309017,
      "z" : -0.19098301
    }, {
      "x" : 16.049845,
      "y" : 0.0,
      "z" : 0.0
    } ],
    "faces" : [ {
      "vertices" : [ 1, 9, 4 ]
    }, {
      "vertices" : [ 1, 4, 2 ]
    }, {
      "vertices" : [ 0, 3, 5 ]
    }, {
      "vertices" : [ 0, 5, 8 ]
    }, {
      "vertices" : [ 1, 7, 9 ]
    }, {
      "vertices" : [ 0, 1, 2 ]
    }, {
      "vertices" : [ 0, 2, 3 ]
    }, {
      "vertices" : [ 7, 8, 9 ]
    }, {
      "vertices" : [ 0, 7, 1 ]
    }, {
      "vertices" : [ 4, 9, 8 ]
    }, {
      "vertices" : [ 4, 8, 5 ]
    }, {
      "vertices" : [ 2, 6, 3 ]
    }, {
      "vertices" : [ 2, 4, 6 ]
    }, {
      "vertices" : [ 3, 6, 5 ]
    }, {
      "vertices" : [ 4, 5, 6 ]
    }, {
      "vertices" : [ 0, 8, 7 ]
    } ]
  }, {
    "id" : "73d28bdb-5850-4e89-b57f-39e63a7f0c3d",
    "vertices" : [ {
      "x" : -29.034441,
      "y" : -76.01315,
      "z" : 0.0
    }, {
      "x" : -23.489357,
      "y" : -38.006577,
      "z" : -14.5172205
    }, {
      "x" : -21.00952,
      "y" : -46.978714,
      "z" : -21.00952
    } ],
    "faces" : [ {
      "vertices" : [ 0, 1, 2 ]
    }, {
      "vertices" : [ 0, 2, 1 ]
    } ]
  }, {
    "id" : "1e8a0df0-73ae-4956-b845-a55efd270d16",
    "vertices" : [ {
      "x" : 46.978714,
      "y" : -46.978714,
      "z" : -46.978714
    }, {
      "x" : 12.984597,
      "y" : -33.994118,
      "z" : -42.01904
    }, {
      "x" : 14.5172205,
      "y" : -23.489357,
      "z" : -38.006577
    } ],
    "faces" : [ {
      "vertices" : [ 0, 1, 2 ]
    }, {
      "vertices" : [ 0, 2, 1 ]
    } ]
  }, {
    "id" : "aee4fbe6-f9f0-49fd-ad79-1977b0a81994",
    "vertices" : [ {
      "x" : 46.978714,
      "y" : 46.978714,
      "z" : -46.978714
    }, {
      "x" : 38.006577,
      "y" : 14.5172205,
      "z" : -23.489357
    }, {
      "x" : 42.01904,
      "y" : 12.984597,
      "z" : -33.994118
    } ],
    "faces" : [ {
      "vertices" : [ 0, 1, 2 ]
    }, {
      "vertices" : [ 0, 2, 1 ]
    } ]
  }, {
    "id" : "086e5303-d0ce-4e1b-9830-28fc4463d4f1",
    "vertices" : [ {
      "x" : 46.978714,
      "y" : 46.978714,
      "z" : -46.978714
    }, {
      "x" : 21.00952,
      "y" : 46.978714,
      "z" : -21.00952
    }, {
      "x" : 23.489357,
      "y" : 38.006577,
      "z" : -14.5172205
    } ],
    "faces" : [ {
      "vertices" : [ 0, 1, 2 ]
    }, {
      "vertices" : [ 0, 2, 1 ]
    } ]
  }, {
    "id" : "feee50d8-5c28-4a32-9ffc-1b90aa8796c9",
    "vertices" : [ {
      "x" : 46.978714,
      "y" : -46.978714,
      "z" : 46.978714
    }, {
      "x" : 23.489357,
      "y" : -38.006577,
      "z" : 14.5172205
    }, {
      "x" : 33.994118,
      "y" : -42.01904,
      "z" : 12.984597
    } ],
    "faces" : [ {
      "vertices" : [ 0, 1, 2 ]
    }, {
      "vertices" : [ 0, 2, 1 ]
    } ]
  }, {
    "id" : "a0f9555e-b3ed-4f4f-b1bc-67b32bf9e8c9",
    "vertices" : [ {
      "x" : -29.034441,
      "y" : -76.01315,
      "z" : 0.0
    }, {
      "x" : -21.00952,
      "y" : -46.978714,
      "z" : 21.00952
    }, {
      "x" : -46.978714,
      "y" : -46.978714,
      "z" : 46.978714
    } ],
    "faces" : [ {
      "vertices" : [ 0, 1, 2 ]
    }, {
      "vertices" : [ 0, 2, 1 ]
    } ]
  }, {
    "id" : "06474fc5-715b-4618-957e-f7e9539ee124",
    "vertices" : [ {
      "x" : -76.01315,
      "y" : 0.0,
      "z" : 29.034441
    }, {
      "x" : -55.003635,
      "y" : 8.024922,
      "z" : 0.0
    }, {
      "x" : -46.978714,
      "y" : 0.0,
      "z" : 0.0
    } ],
    "faces" : [ {
      "vertices" : [ 0, 1, 2 ]
    }, {
      "vertices" : [ 0, 2, 1 ]
    } ]
  }, {
    "id" : "e32f410e-c424-4b98-a5ba-d6644aabddf2",
    "vertices" : [ {
      "x" : -46.978714,
      "y" : -46.978714,
      "z" : -46.978714
    }, {
      "x" : -21.00952,
      "y" : -21.00952,
      "z" : -46.978714
    }, {
      "x" : 0.0,
      "y" : -29.034441,
      "z" : -76.01315
    } ],
    "faces" : [ {
      "vertices" : [ 0, 1, 2 ]
    }, {
      "vertices" : [ 0, 2, 1 ]
    } ]
  }, {
    "id" : "922cee70-d6b1-407d-86cf-fdde8408b4cc",
    "vertices" : [ {
      "x" : 29.034441,
      "y" : 76.01315,
      "z" : 0.0
    }, {
      "x" : 0.0,
      "y" : 55.003635,
      "z" : -8.024922
    }, {
      "x" : -29.034441,
      "y" : 76.01315,
      "z" : 0.0
    } ],
    "faces" : [ {
      "vertices" : [ 0, 1, 2 ]
    }, {
      "vertices" : [ 0, 2, 1 ]
    } ]
  }, {
    "id" : "67f434d8-e7b2-4329-8cf1-e519184376fa",
    "vertices" : [ {
      "x" : 29.034441,
      "y" : -76.01315,
      "z" : 0.0
    }, {
      "x" : 21.00952,
      "y" : -46.978714,
      "z" : -21.00952
    }, {
      "x" : 23.489357,
      "y" : -38.006577,
      "z" : -14.5172205
    } ],
    "faces" : [ {
      "vertices" : [ 0, 1, 2 ]
    }, {
      "vertices" : [ 0, 2, 1 ]
    } ]
  }, {
    "id" : "f055542b-8286-4d32-976d-abcbab20a426",
    "vertices" : [ {
      "x" : 46.978714,
      "y" : -46.978714,
      "z" : -46.978714
    }, {
      "x" : 33.994118,
      "y" : -42.01904,
      "z" : -12.984597
    }, {
      "x" : 23.489357,
      "y" : -38.006577,
      "z" : -14.5172205
    } ],
    "faces" : [ {
      "vertices" : [ 0, 1, 2 ]
    }, {
      "vertices" : [ 0, 2, 1 ]
    } ]
  }, {
    "id" : "42bc1128-fa1f-4cb1-abb9-865d6c25b627",
    "vertices" : [ {
      "x" : 29.034441,
      "y" : 76.01315,
      "z" : 0.0
    }, {
      "x" : 33.994118,
      "y" : 42.01904,
      "z" : -12.984597
    }, {
      "x" : 23.489357,
      "y" : 38.006577,
      "z" : -14.5172205
    } ],
    "faces" : [ {
      "vertices" : [ 0, 1, 2 ]
    }, {
      "vertices" : [ 0, 2, 1 ]
    } ]
  }, {
    "id" : "ee8b783c-52e3-4f89-87d7-f8493932629b",
    "vertices" : [ {
      "x" : 46.978714,
      "y" : -46.978714,
      "z" : 46.978714
    }, {
      "x" : 38.006577,
      "y" : -14.5172205,
      "z" : 23.489357
    }, {
      "x" : 42.01904,
      "y" : -12.984597,
      "z" : 33.994118
    } ],
    "faces" : [ {
      "vertices" : [ 0, 1, 2 ]
    }, {
      "vertices" : [ 0, 2, 1 ]
    } ]
  }, {
    "id" : "2535a7b5-5882-4ea6-a55d-a904f3e695b9",
    "vertices" : [ {
      "x" : -76.01315,
      "y" : 0.0,
      "z" : -29.034441
    }, {
      "x" : -38.006577,
      "y" : -14.5172205,
      "z" : -23.489357
    }, {
      "x" : -46.978714,
      "y" : -21.00952,
      "z" : -21.00952
    } ],
    "faces" : [ {
      "vertices" : [ 0, 1, 2 ]
    }, {
      "vertices" : [ 0, 2, 1 ]
    } ]
  }, {
    "id" : "5a5b0cff-800e-4813-b48e-dacd6c15a758",
    "vertices" : [ {
      "x" : -46.978714,
      "y" : 46.978714,
      "z" : -46.978714
    }, {
      "x" : -14.5172205,
      "y" : 23.489357,
      "z" : -38.006577
    }, {
      "x" : -21.00952,
      "y" : 21.00952,
      "z" : -46.978714
    } ],
    "faces" : [ {
      "vertices" : [ 0, 1, 2 ]
    }, {
      "vertices" : [ 0, 2, 1 ]
    } ]
  }, {
    "id" : "9c282c4d-5e6e-4ef3-ad22-e121b0b1924b",
    "vertices" : [ {
      "x" : 76.01315,
      "y" : 0.0,
      "z" : -29.034441
    }, {
      "x" : 46.978714,
      "y" : 0.0,
      "z" : 0.0
    }, {
      "x" : 55.003635,
      "y" : -8.024922,
      "z" : 0.0
    } ],
    "faces" : [ {
      "vertices" : [ 0, 1, 2 ]
    }, {
      "vertices" : [ 0, 2, 1 ]
    } ]
  }, {
    "id" : "ed54d2c1-4312-4b6f-a506-6a1947cacbde",
    "vertices" : [ {
      "x" : -29.034441,
      "y" : 76.01315,
      "z" : 0.0
    }, {
      "x" : -21.00952,
      "y" : 46.978714,
      "z" : -21.00952
    }, {
      "x" : -46.978714,
      "y" : 46.978714,
      "z" : -46.978714
    } ],
    "faces" : [ {
      "vertices" : [ 0, 1, 2 ]
    }, {
      "vertices" : [ 0, 2, 1 ]
    } ]
  }, {
    "id" : "526b332e-9dd4-4e3d-aa8e-9141d211db12",
    "vertices" : [ {
      "x" : -46.978714,
      "y" : -46.978714,
      "z" : -46.978714
    }, {
      "x" : -38.006577,
      "y" : -14.5172205,
      "z" : -23.489357
    }, {
      "x" : -42.01904,
      "y" : -12.984597,
      "z" : -33.994118
    } ],
    "faces" : [ {
      "vertices" : [ 0, 1, 2 ]
    }, {
      "vertices" : [ 0, 2, 1 ]
    } ]
  }, {
    "id" : "8f86e95e-1b93-4520-9327-9c9095c569d9",
    "vertices" : [ {
      "x" : -46.978714,
      "y" : -46.978714,
      "z" : 46.978714
    }, {
      "x" : -33.994118,
      "y" : -42.01904,
      "z" : 12.984597
    }, {
      "x" : -29.034441,
      "y" : -76.01315,
      "z" : 0.0
    } ],
    "faces" : [ {
      "vertices" : [ 0, 1, 2 ]
    }, {
      "vertices" : [ 0, 2, 1 ]
    } ]
  }, {
    "id" : "068df1c7-7ca7-4433-a687-5d453b4c5f9a",
    "vertices" : [ {
      "x" : 46.978714,
      "y" : -46.978714,
      "z" : -46.978714
    }, {
      "x" : 14.5172205,
      "y" : -23.489357,
      "z" : -38.006577
    }, {
      "x" : 21.00952,
      "y" : -21.00952,
      "z" : -46.978714
    } ],
    "faces" : [ {
      "vertices" : [ 0, 1, 2 ]
    }, {
      "vertices" : [ 0, 2, 1 ]
    } ]
  }, {
    "id" : "9edd6832-3a48-4c5d-9ed6-808883055c5f",
    "vertices" : [ {
      "x" : 0.0,
      "y" : -29.034441,
      "z" : -76.01315
    }, {
      "x" : 21.00952,
      "y" : -21.00952,
      "z" : -46.978714
    }, {
      "x" : 14.5172205,
      "y" : -23.489357,
      "z" : -38.006577
    } ],
    "faces" : [ {
      "vertices" : [ 0, 1, 2 ]
    }, {
      "vertices" : [ 0, 2, 1 ]
    } ]
  }, {
    "id" : "a7a0171b-e2a6-482b-8edb-1fbb04324cc9",
    "vertices" : [ {
      "x" : -29.034441,
      "y" : 76.01315,
      "z" : 0.0
    }, {
      "x" : 0.0,
      "y" : 55.003635,
      "z" : 8.024922
    }, {
      "x" : 0.0,
      "y" : 46.978714,
      "z" : 0.0
    } ],
    "faces" : [ {
      "vertices" : [ 0, 1, 2 ]
    }, {
      "vertices" : [ 0, 2, 1 ]
    } ]
  }, {
    "id" : "d087ee22-1bd6-49aa-931c-9216dc5346c4",
    "vertices" : [ {
      "x" : -46.978714,
      "y" : 46.978714,
      "z" : -46.978714
    }, {
      "x" : -42.01904,
      "y" : 12.984597,
      "z" : -33.994118
    }, {
      "x" : -76.01315,
      "y" : 0.0,
      "z" : -29.034441
    } ],
    "faces" : [ {
      "vertices" : [ 0, 1, 2 ]
    }, {
      "vertices" : [ 0, 2, 1 ]
    } ]
  }, {
    "id" : "04b48279-cef6-43df-ab51-6e2badc85989",
    "vertices" : [ {
      "x" : 46.978714,
      "y" : -46.978714,
      "z" : 46.978714
    }, {
      "x" : 21.00952,
      "y" : -46.978714,
      "z" : 21.00952
    }, {
      "x" : 29.034441,
      "y" : -76.01315,
      "z" : 0.0
    } ],
    "faces" : [ {
      "vertices" : [ 0, 1, 2 ]
    }, {
      "vertices" : [ 0, 2, 1 ]
    } ]
  }, {
    "id" : "e04a6eaa-7db0-468a-a205-2ce0455b1fc5",
    "vertices" : [ {
      "x" : -46.978714,
      "y" : 46.978714,
      "z" : -46.978714
    }, {
      "x" : -33.994118,
      "y" : 42.01904,
      "z" : -12.984597
    }, {
      "x" : -29.034441,
      "y" : 76.01315,
      "z" : 0.0
    } ],
    "faces" : [ {
      "vertices" : [ 0, 1, 2 ]
    }, {
      "vertices" : [ 0, 2, 1 ]
    } ]
  }, {
    "id" : "5c70e8cc-7cfe-4a65-9d94-4b6cf85ad82a",
    "vertices" : [ {
      "x" : -76.01315,
      "y" : 0.0,
      "z" : -29.034441
    }, {
      "x" : -46.978714,
      "y" : 21.00952,
      "z" : -21.00952
    }, {
      "x" : -38.006577,
      "y" : 14.5172205,
      "z" : -23.489357
    } ],
    "faces" : [ {
      "vertices" : [ 0, 1, 2 ]
    }, {
      "vertices" : [ 0, 2, 1 ]
    } ]
  }, {
    "id" : "92e1efb3-738c-4ebf-8b1e-7e51ed969d76",
    "vertices" : [ {
      "x" : 29.034441,
      "y" : -76.01315,
      "z" : 0.0
    }, {
      "x" : 0.0,
      "y" : -46.978714,
      "z" : 0.0
    }, {
      "x" : 0.0,
      "y" : -55.003635,
      "z" : -8.024922
    } ],
    "faces" : [ {
      "vertices" : [ 0, 1, 2 ]
    }, {
      "vertices" : [ 0, 2, 1 ]
    } ]
  }, {
    "id" : "3acb19c7-238f-4609-a496-7951ee20bba6",
    "vertices" : [ {
      "x" : 46.978714,
      "y" : -46.978714,
      "z" : 46.978714
    }, {
      "x" : 21.00952,
      "y" : -46.978714,
      "z" : 21.00952
    }, {
      "x" : 23.489357,
      "y" : -38.006577,
      "z" : 14.5172205
    } ],
    "faces" : [ {
      "vertices" : [ 0, 1, 2 ]
    }, {
      "vertices" : [ 0, 2, 1 ]
    } ]
  }, {
    "id" : "99bc9e57-a9c6-40f6-9d0f-f4a1196001be",
    "vertices" : [ {
      "x" : -29.034441,
      "y" : 76.01315,
      "z" : 0.0
    }, {
      "x" : 0.0,
      "y" : 46.978714,
      "z" : 0.0
    }, {
      "x" : 0.0,
      "y" : 55.003635,
      "z" : -8.024922
    } ],
    "faces" : [ {
      "vertices" : [ 0, 1, 2 ]
    }, {
      "vertices" : [ 0, 2, 1 ]
    } ]
  }, {
    "id" : "5bc27da3-a8b2-4d9b-bc64-62e9e890a8c8",
    "vertices" : [ {
      "x" : -76.01315,
      "y" : 0.0,
      "z" : -29.034441
    }, {
      "x" : -38.006577,
      "y" : 14.5172205,
      "z" : -23.489357
    }, {
      "x" : -42.01904,
      "y" : 12.984597,
      "z" : -33.994118
    } ],
