{
  "field" : "golden",
  "symmetry" : "icosahedral",
  "orientations" : [ [ 1.0, 0.0, 0.0, 0.0, 0.0, 1.0, 0.0, 0.0, 0.0, 0.0, 1.0, 0.0, 0.0, 0.0, 0.0, 1.0 ], [ 0.0, 0.0, 1.0, 0.0, 1.0, 0.0, 0.0, 0.0, 0.0, 1.0, 0.0, 0.0, 0.0, 0.0, 0.0, 1.0 ], [ 0.0, 1.0, 0.0, 0.0, 0.0, 0.0, 1.0, 0.0, 1.0, 0.0, 0.0, 0.0, 0.0, 0.0, 0.0, 1.0 ], [ 0.809017, 0.309017, 0.5, 0.0, 0.309017, 0.5, -0.809017, 0.0, -0.5, 0.809017, 0.309017, 0.0, 0.0, 0.0, 0.0, 1.0 ], [ -0.5, 0.809017, 0.309017, 0.0, 0.809017, 0.309017, 0.5, 0.0, 0.309017, 0.5, -0.809017, 0.0, 0.0, 0.0, 0.0, 1.0 ], [ 0.309017, 0.5, -0.809017, 0.0, -0.5, 0.809017, 0.309017, 0.0, 0.809017, 0.309017, 0.5, 0.0, 0.0, 0.0, 0.0, 1.0 ], [ 0.5, 0.809017, 0.309017, 0.0, 0.809017, -0.309017, -0.5, 0.0, -0.309017, 0.5, -0.809017, 0.0, 0.0, 0.0, 0.0, 1.0 ], [ -0.309017, 0.5, -0.809017, 0.0, 0.5, 0.809017, 0.309017, 0.0, 0.809017, -0.309017, -0.5, 0.0, 0.0, 0.0, 0.0, 1.0 ], [ 0.809017, -0.309017, -0.5, 0.0, -0.309017, 0.5, -0.809017, 0.0, 0.5, 0.809017, 0.309017, 0.0, 0.0, 0.0, 0.0, 1.0 ], [ 0.5, 0.809017, -0.309017, 0.0, 0.809017, -0.309017, 0.5, 0.0, 0.309017, -0.5, -0.809017, 0.0, 0.0, 0.0, 0.0, 1.0 ], [ 0.309017, -0.5, -0.809017, 0.0, 0.5, 0.809017, -0.309017, 0.0, 0.809017, -0.309017, 0.5, 0.0, 0.0, 0.0, 0.0, 1.0 ], [ 0.809017, -0.309017, 0.5, 0.0, 0.309017, -0.5, -0.809017, 0.0, 0.5, 0.809017, -0.309017, 0.0, 0.0, 0.0, 0.0, 1.0 ], [ 0.809017, 0.309017, -0.5, 0.0, 0.309017, 0.5, 0.809017, 0.0, 0.5, -0.809017, 0.309017, 0.0, 0.0, 0.0, 0.0, 1.0 ], [ 0.5, -0.809017, 0.309017, 0.0, 0.809017, 0.309017, -0.5, 0.0, 0.309017, 0.5, 0.809017, 0.0, 0.0, 0.0, 0.0, 1.0 ], [ 0.309017, 0.5, 0.809017, 0.0, 0.5, -0.809017, 0.309017, 0.0, 0.809017, 0.309017, -0.5, 0.0, 0.0, 0.0, 0.0, 1.0 ], [ 1.0, 0.0, 0.0, 0.0, 0.0, -1.0, 0.0, 0.0, 0.0, 0.0, -1.0, 0.0, 0.0, 0.0, 0.0, 1.0 ], [ 0.0, 0.0, 1.0, 0.0, -1.0, 0.0, 0.0, 0.0, 0.0, -1.0, 0.0, 0.0, 0.0, 0.0, 0.0, 1.0 ], [ 0.0, 1.0, 0.0, 0.0, 0.0, 0.0, -1.0, 0.0, -1.0, 0.0, 0.0, 0.0, 0.0, 0.0, 0.0, 1.0 ], [ 0.809017, 0.309017, 0.5, 0.0, -0.309017, -0.5, 0.809017, 0.0, 0.5, -0.809017, -0.309017, 0.0, 0.0, 0.0, 0.0, 1.0 ], [ -0.5, 0.809017, 0.309017, 0.0, -0.809017, -0.309017, -0.5, 0.0, -0.309017, -0.5, 0.809017, 0.0, 0.0, 0.0, 0.0, 1.0 ], [ 0.309017, 0.5, -0.809017, 0.0, 0.5, -0.809017, -0.309017, 0.0, -0.809017, -0.309017, -0.5, 0.0, 0.0, 0.0, 0.0, 1.0 ], [ 0.5, 0.809017, 0.309017, 0.0, -0.809017, 0.309017, 0.5, 0.0, 0.309017, -0.5, 0.809017, 0.0, 0.0, 0.0, 0.0, 1.0 ], [ -0.309017, 0.5, -0.809017, 0.0, -0.5, -0.809017, -0.309017, 0.0, -0.809017, 0.309017, 0.5, 0.0, 0.0, 0.0, 0.0, 1.0 ], [ 0.809017, -0.309017, -0.5, 0.0, 0.309017, -0.5, 0.809017, 0.0, -0.5, -0.809017, -0.309017, 0.0, 0.0, 0.0, 0.0, 1.0 ], [ 0.5, 0.809017, -0.309017, 0.0, -0.809017, 0.309017, -0.5, 0.0, -0.309017, 0.5, 0.809017, 0.0, 0.0, 0.0, 0.0, 1.0 ], [ 0.309017, -0.5, -0.809017, 0.0, -0.5, -0.809017, 0.309017, 0.0, -0.809017, 0.309017, -0.5, 0.0, 0.0, 0.0, 0.0, 1.0 ], [ 0.809017, -0.309017, 0.5, 0.0, -0.309017, 0.5, 0.809017, 0.0, -0.5, -0.809017, 0.309017, 0.0, 0.0, 0.0, 0.0, 1.0 ], [ 0.809017, 0.309017, -0.5, 0.0, -0.309017, -0.5, -0.809017, 0.0, -0.5, 0.809017, -0.309017, 0.0, 0.0, 0.0, 0.0, 1.0 ], [ 0.5, -0.809017, 0.309017, 0.0, -0.809017, -0.309017, 0.5, 0.0, -0.309017, -0.5, -0.809017, 0.0, 0.0, 0.0, 0.0, 1.0 ], [ 0.309017, 0.5, 0.809017, 0.0, -0.5, 0.809017, -0.309017, 0.0, -0.809017, -0.309017, 0.5, 0.0, 0.0, 0.0, 0.0, 1.0 ], [ -1.0, 0.0, 0.0, 0.0, 0.0, -1.0, 0.0, 0.0, 0.0, 0.0, 1.0, 0.0, 0.0, 0.0, 0.0, 1.0 ], [ 0.0, 0.0, -1.0, 0.0, -1.0, 0.0, 0.0, 0.0, 0.0, 1.0, 0.0, 0.0, 0.0, 0.0, 0.0, 1.0 ], [ 0.0, -1.0, 0.0, 0.0, 0.0, 0.0, -1.0, 0.0, 1.0, 0.0, 0.0, 0.0, 0.0, 0.0, 0.0, 1.0 ], [ -0.809017, -0.309017, -0.5, 0.0, -0.309017, -0.5, 0.809017, 0.0, -0.5, 0.809017, 0.309017, 0.0, 0.0, 0.0, 0.0, 1.0 ], [ 0.5, -0.809017, -0.309017, 0.0, -0.809017, -0.309017, -0.5, 0.0, 0.309017, 0.5, -0.809017, 0.0, 0.0, 0.0, 0.0, 1.0 ], [ -0.309017, -0.5, 0.809017, 0.0, 0.5, -0.809017, -0.309017, 0.0, 0.809017, 0.309017, 0.5, 0.0, 0.0, 0.0, 0.0, 1.0 ], [ -0.5, -0.809017, -0.309017, 0.0, -0.809017, 0.309017, 0.5, 0.0, -0.309017, 0.5, -0.809017, 0.0, 0.0, 0.0, 0.0, 1.0 ], [ 0.309017, -0.5, 0.809017, 0.0, -0.5, -0.809017, -0.309017, 0.0, 0.809017, -0.309017, -0.5, 0.0, 0.0, 0.0, 0.0, 1.0 ], [ -0.809017, 0.309017, 0.5, 0.0, 0.309017, -0.5, 0.809017, 0.0, 0.5, 0.809017, 0.309017, 0.0, 0.0, 0.0, 0.0, 1.0 ], [ -0.5, -0.809017, 0.309017, 0.0, -0.809017, 0.309017, -0.5, 0.0, 0.309017, -0.5, -0.809017, 0.0, 0.0, 0.0, 0.0, 1.0 ], [ -0.309017, 0.5, 0.809017, 0.0, -0.5, -0.809017, 0.309017, 0.0, 0.809017, -0.309017, 0.5, 0.0, 0.0, 0.0, 0.0, 1.0 ], [ -0.809017, 0.309017, -0.5, 0.0, -0.309017, 0.5, 0.809017, 0.0, 0.5, 0.809017, -0.309017, 0.0, 0.0, 0.0, 0.0, 1.0 ], [ -0.809017, -0.309017, 0.5, 0.0, -0.309017, -0.5, -0.809017, 0.0, 0.5, -0.809017, 0.309017, 0.0, 0.0, 0.0, 0.0, 1.0 ], [ -0.5, 0.809017, -0.309017, 0.0, -0.809017, -0.309017, 0.5, 0.0, 0.309017, 0.5, 0.809017, 0.0, 0.0, 0.0, 0.0, 1.0 ], [ -0.309017, -0.5, -0.809017, 0.0, -0.5, 0.809017, -0.309017, 0.0, 0.809017, 0.309017, -0.5, 0.0, 0.0, 0.0, 0.0, 1.0 ], [ -1.0, 0.0, 0.0, 0.0, 0.0, 1.0, 0.0, 0.0, 0.0, 0.0, -1.0, 0.0, 0.0, 0.0, 0.0, 1.0 ], [ 0.0, 0.0, -1.0, 0.0, 1.0, 0.0, 0.0, 0.0, 0.0, -1.0, 0.0, 0.0, 0.0, 0.0, 0.0, 1.0 ], [ 0.0, -1.0, 0.0, 0.0, 0.0, 0.0, 1.0, 0.0, -1.0, 0.0, 0.0, 0.0, 0.0, 0.0, 0.0, 1.0 ], [ -0.809017, -0.309017, -0.5, 0.0, 0.309017, 0.5, -0.809017, 0.0, 0.5, -0.809017, -0.309017, 0.0, 0.0, 0.0, 0.0, 1.0 ], [ 0.5, -0.809017, -0.309017, 0.0, 0.809017, 0.309017, 0.5, 0.0, -0.309017, -0.5, 0.809017, 0.0, 0.0, 0.0, 0.0, 1.0 ], [ -0.309017, -0.5, 0.809017, 0.0, -0.5, 0.809017, 0.309017, 0.0, -0.809017, -0.309017, -0.5, 0.0, 0.0, 0.0, 0.0, 1.0 ], [ -0.5, -0.809017, -0.309017, 0.0, 0.809017, -0.309017, -0.5, 0.0, 0.309017, -0.5, 0.809017, 0.0, 0.0, 0.0, 0.0, 1.0 ], [ 0.309017, -0.5, 0.809017, 0.0, 0.5, 0.809017, 0.309017, 0.0, -0.809017, 0.309017, 0.5, 0.0, 0.0, 0.0, 0.0, 1.0 ], [ -0.809017, 0.309017, 0.5, 0.0, -0.309017, 0.5, -0.809017, 0.0, -0.5, -0.809017, -0.309017, 0.0, 0.0, 0.0, 0.0, 1.0 ], [ -0.5, -0.809017, 0.309017, 0.0, 0.809017, -0.309017, 0.5, 0.0, -0.309017, 0.5, 0.809017, 0.0, 0.0, 0.0, 0.0, 1.0 ], [ -0.309017, 0.5, 0.809017, 0.0, 0.5, 0.809017, -0.309017, 0.0, -0.809017, 0.309017, -0.5, 0.0, 0.0, 0.0, 0.0, 1.0 ], [ -0.809017, 0.309017, -0.5, 0.0, 0.309017, -0.5, -0.809017, 0.0, -0.5, -0.809017, 0.309017, 0.0, 0.0, 0.0, 0.0, 1.0 ], [ -0.809017, -0.309017, 0.5, 0.0, 0.309017, 0.5, 0.809017, 0.0, -0.5, 0.809017, -0.309017, 0.0, 0.0, 0.0, 0.0, 1.0 ], [ -0.5, 0.809017, -0.309017, 0.0, 0.809017, 0.309017, -0.5, 0.0, -0.309017, -0.5, -0.809017, 0.0, 0.0, 0.0, 0.0, 1.0 ], [ -0.309017, -0.5, -0.809017, 0.0, 0.5, -0.809017, 0.309017, 0.0, -0.809017, -0.309017, 0.5, 0.0, 0.0, 0.0, 0.0, 1.0 ] ],
  "lights" : {
    "directionalLights" : [ {
      "direction" : [ 1.0, -1.0, -1.0 ],
      "color" : "#EBEBE4"
    }, {
      "direction" : [ -1.0, 0.0, 0.0 ],
      "color" : "#E4E4EB"
    }, {
      "direction" : [ 0.0, 0.0, -1.0 ],
      "color" : "#1E1E1E"
    } ],
    "ambientColor" : "#292929",
    "backgroundColor" : "#AFC8DC"
  },
  "camera" : {
    "position" : {
      "x" : 1695.1058,
      "y" : 1721.9485,
      "z" : -474.10983
    },
    "perspective" : true,
    "viewDistance" : 2462.3694,
    "nearClipDistance" : 6.155923,
    "farClipDistance" : 4924.736,
    "lookAtPoint" : {
      "x" : 0.0,
      "y" : 0.0,
      "z" : 0.0
    },
    "fieldOfView" : 0.44262886,
    "lookDirection" : {
      "x" : -0.6884044,
      "y" : -0.69930553,
      "z" : 0.19254212
    },
    "upDirection" : {
      "x" : -0.68368304,
      "y" : 0.5369485,
      "z" : -0.49423409
    },
    "stereo" : false,
    "width" : 1108.0662
  },
  "embedding" : [ 1.0, 0.0, 0.0, 0.0, 0.0, 1.0, 0.0, 0.0, 0.0, 0.0, 1.0, 0.0, 0.0, 0.0, 0.0, 1.0 ],
  "shapes" : [ {
    "id" : "bc6b83cf-be54-472a-86ef-3c64af5ebe3e",
    "vertices" : [ {
      "x" : 197.2915,
      "y" : 75.16766,
      "z" : -28.902475
    }, {
      "x" : 198.31404,
      "y" : 75.20414,
      "z" : -29.034441
    }, {
      "x" : 197.2915,
      "y" : 75.16766,
      "z" : -28.52051
    }, {
      "x" : 197.10051,
      "y" : 75.476685,
      "z" : -29.02051
    }, {
      "x" : 197.10051,
      "y" : 75.476685,
      "z" : -28.638544
    }, {
      "x" : 0.809017,
      "y" : 0.618034,
      "z" : 0.309017
    }, {
      "x" : 1.0,
      "y" : 0.309017,
      "z" : 0.19098301
    }, {
      "x" : 1.9045085,
      "y" : 0.5364745,
      "z" : -0.013932022
    }, {
      "x" : 198.00502,
      "y" : 75.70414,
      "z" : -29.225426
    }, {
      "x" : 198.19601,
      "y" : 75.39512,
      "z" : -29.343458
    }, {
      "x" : 198.19601,
      "y" : 75.39512,
      "z" : -28.725426
    }, {
      "x" : 198.00502,
      "y" : 75.70414,
      "z" : -28.843458
    }, {
      "x" : 1.7135255,
      "y" : 0.8454915,
      "z" : -0.13196601
    }, {
      "x" : 0.690983,
      "y" : 0.809017,
      "z" : 0.0
    }, {
      "x" : 1.9045085,
      "y" : 0.5364745,
      "z" : -0.39589804
    }, {
      "x" : 1.7135255,
      "y" : 0.8454915,
      "z" : -0.51393205
    }, {
      "x" : 0.809017,
      "y" : 0.618034,
      "z" : -0.309017
    }, {
      "x" : 1.0,
      "y" : 0.309017,
      "z" : -0.19098301
    }, {
      "x" : 199.00502,
      "y" : 76.01315,
      "z" : -29.034441
    } ],
    "faces" : [ {
      "vertices" : [ 0, 14, 15 ]
    }, {
      "vertices" : [ 0, 15, 3 ]
    }, {
      "vertices" : [ 3, 15, 12 ]
    }, {
      "vertices" : [ 3, 12, 4 ]
    }, {
      "vertices" : [ 0, 1, 2 ]
    }, {
      "vertices" : [ 12, 15, 13 ]
    }, {
      "vertices" : [ 0, 9, 1 ]
    }, {
      "vertices" : [ 0, 3, 9 ]
    }, {
      "vertices" : [ 13, 15, 16 ]
    }, {
      "vertices" : [ 6, 17, 14 ]
    }, {
      "vertices" : [ 6, 14, 7 ]
    }, {
      "vertices" : [ 1, 10, 2 ]
    }, {
      "vertices" : [ 5, 6, 7 ]
    }, {
      "vertices" : [ 3, 8, 9 ]
    }, {
      "vertices" : [ 0, 2, 7 ]
    }, {
      "vertices" : [ 0, 7, 14 ]
    }, {
      "vertices" : [ 5, 7, 12 ]
    }, {
      "vertices" : [ 2, 4, 12 ]
    }, {
      "vertices" : [ 2, 12, 7 ]
    }, {
      "vertices" : [ 3, 4, 11 ]
    }, {
      "vertices" : [ 3, 11, 8 ]
    }, {
      "vertices" : [ 2, 10, 11 ]
    }, {
      "vertices" : [ 2, 11, 4 ]
    }, {
      "vertices" : [ 5, 12, 13 ]
    }, {
      "vertices" : [ 14, 17, 16 ]
    }, {
      "vertices" : [ 14, 16, 15 ]
    } ]
  }, {
    "id" : "9374763d-1947-4833-990c-79aec9e98641",
    "vertices" : [ {
      "x" : 32.28059,
      "y" : 12.139106,
      "z" : -4.8277087
    }, {
      "x" : 33.303135,
      "y" : 12.17558,
      "z" : -4.959675
    }, {
      "x" : 32.28059,
      "y" : 12.139106,
      "z" : -4.4457426
    }, {
      "x" : 32.089607,
      "y" : 12.448123,
      "z" : -4.9457426
    }, {
      "x" : 32.089607,
      "y" : 12.448123,
      "z" : -4.563777
    }, {
      "x" : 0.809017,
      "y" : 0.618034,
      "z" : 0.309017
    }, {
      "x" : 1.0,
      "y" : 0.309017,
      "z" : 0.19098301
    }, {
      "x" : 1.9045085,
      "y" : 0.5364745,
      "z" : -0.013932022
    }, {
      "x" : 32.994118,
      "y" : 12.67558,
      "z" : -5.1506577
    }, {
      "x" : 33.1851,
      "y" : 12.366563,
      "z" : -5.2686915
    }, {
      "x" : 33.1851,
      "y" : 12.366563,
      "z" : -4.6506577
    }, {
      "x" : 32.994118,
      "y" : 12.67558,
      "z" : -4.7686915
    }, {
      "x" : 1.7135255,
      "y" : 0.8454915,
      "z" : -0.13196601
    }, {
      "x" : 0.690983,
      "y" : 0.809017,
      "z" : 0.0
    }, {
      "x" : 1.9045085,
      "y" : 0.5364745,
      "z" : -0.39589804
    }, {
      "x" : 1.7135255,
      "y" : 0.8454915,
      "z" : -0.51393205
    }, {
      "x" : 0.809017,
      "y" : 0.618034,
      "z" : -0.309017
    }, {
      "x" : 1.0,
      "y" : 0.309017,
      "z" : -0.19098301
    }, {
      "x" : 33.994118,
      "y" : 12.984597,
      "z" : -4.959675
    } ],
    "faces" : [ {
      "vertices" : [ 0, 14, 15 ]
    }, {
      "vertices" : [ 0, 15, 3 ]
    }, {
      "vertices" : [ 3, 15, 12 ]
    }, {
      "vertices" : [ 3, 12, 4 ]
    }, {
      "vertices" : [ 0, 1, 2 ]
    }, {
      "vertices" : [ 12, 15, 13 ]
    }, {
      "vertices" : [ 0, 9, 1 ]
    }, {
      "vertices" : [ 0, 3, 9 ]
    }, {
      "vertices" : [ 13, 15, 16 ]
    }, {
      "vertices" : [ 6, 17, 14 ]
    }, {
      "vertices" : [ 6, 14, 7 ]
    }, {
      "vertices" : [ 1, 10, 2 ]
    }, {
      "vertices" : [ 5, 6, 7 ]
    }, {
      "vertices" : [ 3, 8, 9 ]
    }, {
      "vertices" : [ 0, 2, 7 ]
    }, {
      "vertices" : [ 0, 7, 14 ]
    }, {
      "vertices" : [ 5, 7, 12 ]
    }, {
      "vertices" : [ 2, 4, 12 ]
    }, {
      "vertices" : [ 2, 12, 7 ]
    }, {
      "vertices" : [ 3, 4, 11 ]
    }, {
      "vertices" : [ 3, 11, 8 ]
    }, {
      "vertices" : [ 2, 10, 11 ]
    }, {
      "vertices" : [ 2, 11, 4 ]
    }, {
      "vertices" : [ 5, 12, 13 ]
    }, {
      "vertices" : [ 14, 17, 16 ]
    }, {
      "vertices" : [ 14, 16, 15 ]
    } ]
  }, {
    "id" : "2c302971-d0ad-4c21-a6f8-bee58146fc23",
    "vertices" : [ {
      "x" : 29.034441,
      "y" : -76.01315,
      "z" : 0.0
    }, {
      "x" : 46.978714,
      "y" : -46.978714,
      "z" : -46.978714
    }, {
      "x" : 76.01315,
      "y" : -245.98373,
      "z" : -122.99187
    } ],
    "faces" : [ {
      "vertices" : [ 0, 1, 2 ]
    }, {
      "vertices" : [ 0, 2, 1 ]
    } ]
  }, {
    "id" : "01157553-02d2-4a0d-8058-351c9c0aa90a",
    "vertices" : [ {
      "x" : 92.95743,
      "y" : 0.309017,
      "z" : 0.19098301
    }, {
      "x" : 92.95743,
      "y" : 0.309017,
      "z" : -0.19098301
    }, {
      "x" : 1.0,
      "y" : 0.309017,
      "z" : -0.19098301
    }, {
      "x" : 1.0,
      "y" : 0.309017,
      "z" : 0.19098301
    }, {
      "x" : 92.95743,
      "y" : -0.309017,
      "z" : 0.19098301
    }, {
      "x" : 1.0,
      "y" : -0.309017,
      "z" : 0.19098301
    }, {
      "x" : 1.0,
      "y" : -0.309017,
      "z" : -0.19098301
    }, {
      "x" : 92.95743,
      "y" : -0.309017,
      "z" : -0.19098301
    }, {
      "x" : 93.95743,
      "y" : 0.0,
      "z" : 0.0
    } ],
    "faces" : [ {
      "vertices" : [ 1, 7, 6 ]
    }, {
      "vertices" : [ 1, 6, 2 ]
    }, {
      "vertices" : [ 0, 1, 2 ]
    }, {
      "vertices" : [ 0, 2, 3 ]
    }, {
      "vertices" : [ 4, 5, 6 ]
    }, {
      "vertices" : [ 4, 6, 7 ]
    }, {
      "vertices" : [ 0, 3, 5 ]
    }, {
      "vertices" : [ 0, 5, 4 ]
    } ]
  }, {
    "id" : "0ea805c4-eb16-42d0-a399-001266209092",
    "vertices" : [ {
      "x" : 87.284225,
      "y" : 33.148624,
      "z" : -12.852632
    }, {
      "x" : 88.30677,
      "y" : 33.1851,
      "z" : -12.984597
    }, {
      "x" : 87.284225,
      "y" : 33.148624,
      "z" : -12.470665
    }, {
      "x" : 87.09325,
      "y" : 33.45764,
      "z" : -12.970665
    }, {
      "x" : 87.09325,
      "y" : 33.45764,
      "z" : -12.588699
    }, {
      "x" : 0.809017,
      "y" : 0.618034,
      "z" : 0.309017
    }, {
      "x" : 1.0,
      "y" : 0.309017,
      "z" : 0.19098301
    }, {
      "x" : 1.9045085,
      "y" : 0.5364745,
      "z" : -0.013932022
    }, {
      "x" : 87.99775,
      "y" : 33.6851,
      "z" : -13.17558
    }, {
      "x" : 88.188736,
      "y" : 33.376083,
      "z" : -13.293614
    }, {
      "x" : 88.188736,
      "y" : 33.376083,
      "z" : -12.67558
    }, {
      "x" : 87.99775,
      "y" : 33.6851,
      "z" : -12.793614
    }, {
      "x" : 1.7135255,
      "y" : 0.8454915,
      "z" : -0.13196601
    }, {
      "x" : 0.690983,
      "y" : 0.809017,
      "z" : 0.0
    }, {
      "x" : 1.9045085,
      "y" : 0.5364745,
      "z" : -0.39589804
    }, {
      "x" : 1.7135255,
      "y" : 0.8454915,
      "z" : -0.51393205
    }, {
      "x" : 0.809017,
      "y" : 0.618034,
      "z" : -0.309017
    }, {
      "x" : 1.0,
      "y" : 0.309017,
      "z" : -0.19098301
    }, {
      "x" : 88.99775,
      "y" : 33.994118,
      "z" : -12.984597
    } ],
    "faces" : [ {
      "vertices" : [ 0, 14, 15 ]
    }, {
      "vertices" : [ 0, 15, 3 ]
    }, {
      "vertices" : [ 3, 15, 12 ]
    }, {
      "vertices" : [ 3, 12, 4 ]
    }, {
      "vertices" : [ 0, 1, 2 ]
    }, {
      "vertices" : [ 12, 15, 13 ]
    }, {
      "vertices" : [ 0, 9, 1 ]
    }, {
      "vertices" : [ 0, 3, 9 ]
    }, {
      "vertices" : [ 13, 15, 16 ]
    }, {
      "vertices" : [ 6, 17, 14 ]
    }, {
      "vertices" : [ 6, 14, 7 ]
    }, {
      "vertices" : [ 1, 10, 2 ]
    }, {
      "vertices" : [ 5, 6, 7 ]
    }, {
      "vertices" : [ 3, 8, 9 ]
    }, {
      "vertices" : [ 0, 2, 7 ]
    }, {
      "vertices" : [ 0, 7, 14 ]
    }, {
      "vertices" : [ 5, 7, 12 ]
    }, {
      "vertices" : [ 2, 4, 12 ]
    }, {
      "vertices" : [ 2, 12, 7 ]
    }, {
      "vertices" : [ 3, 4, 11 ]
    }, {
      "vertices" : [ 3, 11, 8 ]
    }, {
      "vertices" : [ 2, 10, 11 ]
    }, {
      "vertices" : [ 2, 11, 4 ]
    }, {
      "vertices" : [ 5, 12, 13 ]
    }, {
      "vertices" : [ 14, 17, 16 ]
    }, {
      "vertices" : [ 14, 16, 15 ]
    } ]
  }, {
    "id" : "6a6bd95a-9ace-4e34-ac8b-732bf9fad117",
    "vertices" : [ {
      "x" : 21.00952,
      "y" : -21.00952,
      "z" : -46.978714
    }, {
      "x" : 0.0,
      "y" : -29.034441,
      "z" : -76.01315
    }, {
      "x" : 76.01315,
      "y" : 0.0,
      "z" : -122.99187
    } ],
    "faces" : [ {
      "vertices" : [ 0, 1, 2 ]
    }, {
      "vertices" : [ 0, 2, 1 ]
    } ]
  }, {
    "id" : "2df40376-d3c1-445a-ac85-0ee38fbd0757",
    "vertices" : [ {
      "x" : 122.99187,
      "y" : -76.01315,
      "z" : 0.0
    }, {
      "x" : 76.01315,
      "y" : 0.0,
      "z" : 29.034441
    }, {
      "x" : 46.978714,
      "y" : -21.00952,
      "z" : 21.00952
    } ],
    "faces" : [ {
      "vertices" : [ 0, 1, 2 ]
    }, {
      "vertices" : [ 0, 2, 1 ]
    } ]
  }, {
    "id" : "417d6281-7c28-461e-b047-f1508d68f908",
    "vertices" : [ {
      "x" : 122.99187,
      "y" : -76.01315,
      "z" : 0.0
    }, {
      "x" : 76.01315,
      "y" : 0.0,
      "z" : -29.034441
    }, {
      "x" : 55.003635,
      "y" : -8.024922,
      "z" : 0.0
    } ],
    "faces" : [ {
      "vertices" : [ 0, 1, 2 ]
    }, {
      "vertices" : [ 0, 2, 1 ]
    } ]
  }, {
    "id" : "ade39611-3e5b-4b80-84f0-b3fadaeed39d",
    "vertices" : [ {
      "x" : 76.01315,
      "y" : 0.0,
      "z" : 29.034441
    }, {
      "x" : 55.003635,
      "y" : -8.024922,
      "z" : 0.0
    }, {
      "x" : 76.01315,
      "y" : 0.0,
      "z" : -29.034441
    } ],
    "faces" : [ {
      "vertices" : [ 0, 1, 2 ]
    }, {
      "vertices" : [ 0, 2, 1 ]
    } ]
  }, {
    "id" : "a534f296-72c7-48b6-8c74-fa1edb82a45e",
    "vertices" : [ {
      "x" : 46.978714,
      "y" : -46.978714,
      "z" : 46.978714
    }, {
      "x" : 46.978714,
      "y" : -21.00952,
      "z" : 21.00952
    }, {
      "x" : 76.01315,
      "y" : 0.0,
      "z" : 29.034441
    } ],
    "faces" : [ {
      "vertices" : [ 0, 1, 2 ]
    }, {
      "vertices" : [ 0, 2, 1 ]
    } ]
  }, {
    "id" : "2fa1ce27-1d70-49e2-9190-bebbb6693360",
    "vertices" : [ {
      "x" : 0.0,
      "y" : 29.034441,
      "z" : -76.01315
    }, {
      "x" : 0.0,
      "y" : 122.99187,
      "z" : -76.01315
    }, {
      "x" : -46.978714,
      "y" : 199.00502,
      "z" : -199.00502
    } ],
    "faces" : [ {
      "vertices" : [ 0, 1, 2 ]
    }, {
      "vertices" : [ 0, 2, 1 ]
    } ]
  }, {
    "id" : "02368fd3-0d71-4d2c-b50d-fb09422faff1",
    "vertices" : [ {
      "x" : 46.978714,
      "y" : 21.00952,
      "z" : -21.00952
    }, {
      "x" : 46.978714,
      "y" : 46.978714,
      "z" : -46.978714
    }, {
      "x" : 122.99187,
      "y" : 76.01315,
      "z" : 0.0
    } ],
    "faces" : [ {
      "vertices" : [ 0, 1, 2 ]
    }, {
      "vertices" : [ 0, 2, 1 ]
    } ]
  }, {
    "id" : "3036b39b-390d-456a-bdd4-f0501d7e5b00",
    "vertices" : [ {
      "x" : 57.068882,
      "y" : 0.309017,
      "z" : 0.19098301
    }, {
      "x" : 57.068882,
      "y" : 0.309017,
      "z" : -0.19098301
    }, {
      "x" : 1.0,
      "y" : 0.309017,
      "z" : -0.19098301
    }, {
      "x" : 1.0,
      "y" : 0.309017,
      "z" : 0.19098301
    }, {
      "x" : 57.068882,
      "y" : -0.309017,
      "z" : 0.19098301
    }, {
      "x" : 1.0,
      "y" : -0.309017,
      "z" : 0.19098301
    }, {
      "x" : 1.0,
      "y" : -0.309017,
      "z" : -0.19098301
    }, {
      "x" : 57.068882,
      "y" : -0.309017,
      "z" : -0.19098301
    }, {
      "x" : 58.068882,
      "y" : 0.0,
      "z" : 0.0
    } ],
    "faces" : [ {
      "vertices" : [ 1, 7, 6 ]
    }, {
      "vertices" : [ 1, 6, 2 ]
    }, {
      "vertices" : [ 0, 1, 2 ]
    }, {
      "vertices" : [ 0, 2, 3 ]
    }, {
      "vertices" : [ 4, 5, 6 ]
    }, {
      "vertices" : [ 4, 6, 7 ]
    }, {
      "vertices" : [ 0, 3, 5 ]
    }, {
      "vertices" : [ 0, 5, 4 ]
    } ]
  }, {
    "id" : "abf2ab90-5037-4def-9665-5249683b1a0e",
    "vertices" : [ {
      "x" : -29.034441,
      "y" : -76.01315,
      "z" : 0.0
    }, {
      "x" : 0.0,
      "y" : -122.99187,
      "z" : 76.01315
    }, {
      "x" : -76.01315,
      "y" : -245.98373,
      "z" : 122.99187
    } ],
    "faces" : [ {
      "vertices" : [ 0, 1, 2 ]
    }, {
      "vertices" : [ 0, 2, 1 ]
    } ]
  }, {
    "id" : "beeee4e8-1384-4a55-a5a8-5c4dffe34f65",
    "vertices" : [ {
      "x" : 122.99187,
      "y" : -76.01315,
      "z" : 0.0
    }, {
      "x" : 46.978714,
      "y" : -46.978714,
      "z" : -46.978714
    }, {
      "x" : 46.978714,
      "y" : -21.00952,
      "z" : -21.00952
    } ],
    "faces" : [ {
      "vertices" : [ 0, 1, 2 ]
    }, {
      "vertices" : [ 0, 2, 1 ]
    } ]
  }, {
    "id" : "abae71b0-8184-41cb-849d-3323f2c95f6b",
    "vertices" : [ {
      "x" : -29.034441,
      "y" : 76.01315,
      "z" : 0.0
    }, {
      "x" : 0.0,
      "y" : 122.99187,
      "z" : -76.01315
    }, {
      "x" : -76.01315,
      "y" : 245.98373,
      "z" : -122.99187
    } ],
    "faces" : [ {
      "vertices" : [ 0, 1, 2 ]
    }, {
      "vertices" : [ 0, 2, 1 ]
    } ]
  }, {
    "id" : "0f8abccf-3389-4d43-b976-7ad30f54427e",
    "vertices" : [ {
      "x" : 151.0263,
      "y" : 0.309017,
      "z" : 0.19098301
    }, {
      "x" : 151.0263,
      "y" : 0.309017,
      "z" : -0.19098301
    }, {
      "x" : 1.0,
      "y" : 0.309017,
      "z" : -0.19098301
    }, {
      "x" : 1.0,
      "y" : 0.309017,
      "z" : 0.19098301
    }, {
      "x" : 151.0263,
      "y" : -0.309017,
      "z" : 0.19098301
    }, {
      "x" : 1.0,
      "y" : -0.309017,
      "z" : 0.19098301
    }, {
      "x" : 1.0,
      "y" : -0.309017,
      "z" : -0.19098301
    }, {
      "x" : 151.0263,
      "y" : -0.309017,
      "z" : -0.19098301
    }, {
      "x" : 152.0263,
      "y" : 0.0,
      "z" : 0.0
    } ],
    "faces" : [ {
      "vertices" : [ 1, 7, 6 ]
    }, {
      "vertices" : [ 1, 6, 2 ]
    }, {
      "vertices" : [ 0, 1, 2 ]
    }, {
      "vertices" : [ 0, 2, 3 ]
    }, {
      "vertices" : [ 4, 5, 6 ]
    }, {
      "vertices" : [ 4, 6, 7 ]
    }, {
      "vertices" : [ 0, 3, 5 ]
    }, {
      "vertices" : [ 0, 5, 4 ]
    } ]
  }, {
    "id" : "11ee0b4b-b55a-4b5e-9641-6929eeb5e005",
    "vertices" : [ {
      "x" : -46.978714,
      "y" : -46.978714,
      "z" : -46.978714
    }, {
      "x" : 0.0,
      "y" : -29.034441,
      "z" : -76.01315
    }, {
      "x" : -122.99187,
      "y" : -76.01315,
      "z" : -245.98373
    } ],
    "faces" : [ {
      "vertices" : [ 0, 1, 2 ]
    }, {
      "vertices" : [ 0, 2, 1 ]
    } ]
  }, {
    "id" : "0c861c4b-309d-463c-82b1-f7bde8a79263",
    "vertices" : [ {
      "x" : -76.01315,
      "y" : 0.0,
      "z" : -122.99187
    }, {
      "x" : -76.01315,
      "y" : 0.0,
      "z" : -29.034441
    }, {
      "x" : -42.01904,
      "y" : 12.984597,
      "z" : -33.994118
    } ],
    "faces" : [ {
      "vertices" : [ 0, 1, 2 ]
    }, {
      "vertices" : [ 0, 2, 1 ]
    } ]
  }, {
    "id" : "bd7e7501-247b-492a-aa6d-89872069d035",
    "vertices" : [ {
      "x" : 76.01315,
      "y" : 0.0,
      "z" : -29.034441
    }, {
      "x" : 122.99187,
      "y" : 76.01315,
      "z" : 0.0
    }, {
      "x" : 275.0182,
      "y" : 76.01315,
      "z" : 0.0
    } ],
    "faces" : [ {
      "vertices" : [ 0, 1, 2 ]
    }, {
      "vertices" : [ 0, 2, 1 ]
    } ]
  }, {
    "id" : "ceee40ca-9bda-481c-81c7-647c50074981",
    "vertices" : [ {
      "x" : 46.978714,
      "y" : 46.978714,
      "z" : -46.978714
    }, {
      "x" : 0.0,
      "y" : 122.99187,
      "z" : -76.01315
    }, {
      "x" : 46.978714,
      "y" : 199.00502,
      "z" : -199.00502
    } ],
    "faces" : [ {
      "vertices" : [ 0, 1, 2 ]
    }, {
      "vertices" : [ 0, 2, 1 ]
    } ]
  }, {
    "id" : "039d9df9-c731-426e-8f9f-887997f4138f",
    "vertices" : [ {
      "x" : -76.01315,
      "y" : 0.0,
      "z" : 29.034441
    }, {
      "x" : -46.978714,
      "y" : -21.00952,
      "z" : 21.00952
    }, {
      "x" : -46.978714,
      "y" : -46.978714,
      "z" : 46.978714
    } ],
    "faces" : [ {
      "vertices" : [ 0, 1, 2 ]
    }, {
      "vertices" : [ 0, 2, 1 ]
    } ]
  }, {
    "id" : "be0fec43-511f-4070-a400-727347247781",
    "vertices" : [ {
      "x" : -76.01315,
      "y" : 0.0,
      "z" : -122.99187
    }, {
      "x" : -46.978714,
      "y" : 46.978714,
      "z" : -46.978714
    }, {
      "x" : -21.00952,
      "y" : 21.00952,
      "z" : -46.978714
    } ],
    "faces" : [ {
      "vertices" : [ 0, 1, 2 ]
    }, {
      "vertices" : [ 0, 2, 1 ]
    } ]
  }, {
    "id" : "64960447-1639-451c-9289-a7d06928ec27",
    "vertices" : [ {
      "x" : 76.01315,
      "y" : 0.0,
      "z" : -29.034441
    }, {
      "x" : 76.01315,
      "y" : 0.0,
      "z" : -122.99187
    }, {
      "x" : 199.00502,
      "y" : -46.978714,
      "z" : -199.00502
    } ],
    "faces" : [ {
      "vertices" : [ 0, 1, 2 ]
    }, {
      "vertices" : [ 0, 2, 1 ]
    } ]
  }, {
    "id" : "c88eb262-33d6-4561-8323-13f06bd9347c",
    "vertices" : [ {
      "x" : -76.01315,
      "y" : 0.0,
      "z" : -122.99187
    }, {
      "x" : 0.0,
      "y" : -29.034441,
      "z" : -76.01315
    }, {
      "x" : -21.00952,
      "y" : -21.00952,
      "z" : -46.978714
    } ],
    "faces" : [ {
      "vertices" : [ 0, 1, 2 ]
    }, {
      "vertices" : [ 0, 2, 1 ]
    } ]
  }, {
    "id" : "443ee84d-e4a9-4905-a859-78c0e3d7de7d",
    "vertices" : [ {
      "x" : 29.034441,
      "y" : -76.01315,
      "z" : 0.0
    }, {
      "x" : 122.99187,
      "y" : -76.01315,
      "z" : 0.0
    }, {
      "x" : 199.00502,
      "y" : -199.00502,
      "z" : -46.978714
    } ],
    "faces" : [ {
      "vertices" : [ 0, 1, 2 ]
    }, {
      "vertices" : [ 0, 2, 1 ]
    } ]
  }, {
    "id" : "33652e32-5134-4b60-a792-eeab2f386bef",
    "vertices" : [ {
      "x" : -21.00952,
      "y" : 21.00952,
      "z" : -46.978714
    }, {
      "x" : 0.0,
      "y" : 29.034441,
      "z" : -76.01315
    }, {
      "x" : -76.01315,
      "y" : 0.0,
      "z" : -122.99187
    } ],
    "faces" : [ {
      "vertices" : [ 0, 1, 2 ]
    }, {
      "vertices" : [ 0, 2, 1 ]
    } ]
  }, {
    "id" : "77beacf7-2ca0-48d4-bcc2-8d64dff92578",
    "vertices" : [ {
      "x" : -46.978714,
      "y" : 46.978714,
      "z" : -46.978714
    }, {
      "x" : -76.01315,
      "y" : 0.0,
      "z" : -29.034441
    }, {
      "x" : -199.00502,
      "y" : 46.978714,
      "z" : -199.00502
    } ],
    "faces" : [ {
      "vertices" : [ 0, 1, 2 ]
    }, {
      "vertices" : [ 0, 2, 1 ]
    } ]
  }, {
    "id" : "ba3bc298-5920-49d5-a559-3319acc73d62",
    "vertices" : [ {
      "x" : 29.034441,
      "y" : -76.01315,
      "z" : 0.0
    }, {
      "x" : 0.0,
      "y" : -122.99187,
      "z" : 76.01315
    }, {
      "x" : 0.0,
      "y" : -275.0182,
      "z" : 76.01315
    } ],
    "faces" : [ {
      "vertices" : [ 0, 1, 2 ]
    }, {
      "vertices" : [ 0, 2, 1 ]
    } ]
  }, {
    "id" : "74a843e1-8d10-43af-9305-8079360b005a",
    "vertices" : [ {
      "x" : -76.01315,
      "y" : 0.0,
      "z" : -122.99187
    }, {
      "x" : 0.0,
      "y" : 29.034441,
      "z" : -76.01315
    }, {
      "x" : -8.024922,
      "y" : 0.0,
      "z" : -55.003635
    } ],
    "faces" : [ {
      "vertices" : [ 0, 1, 2 ]
    }, {
      "vertices" : [ 0, 2, 1 ]
    } ]
  }, {
    "id" : "c20a8451-4746-4003-b3cc-56c6bad89434",
    "vertices" : [ {
      "x" : 29.034441,
      "y" : -76.01315,
      "z" : 0.0
    }, {
      "x" : 21.00952,
      "y" : -46.978714,
      "z" : -21.00952
    }, {
      "x" : 46.978714,
      "y" : -46.978714,
      "z" : -46.978714
    } ],
    "faces" : [ {
      "vertices" : [ 0, 1, 2 ]
    }, {
      "vertices" : [ 0, 2, 1 ]
    } ]
  }, {
    "id" : "921dc1cc-c261-4108-b867-1390bc77bc41",
    "vertices" : [ {
      "x" : -46.978714,
      "y" : 46.978714,
      "z" : -46.978714
    }, {
      "x" : -12.984597,
      "y" : 33.994118,
      "z" : -42.01904
    }, {
      "x" : 0.0,
      "y" : 29.034441,
      "z" : -76.01315
    } ],
    "faces" : [ {
      "vertices" : [ 0, 1, 2 ]
    }, {
      "vertices" : [ 0, 2, 1 ]
    } ]
  }, {
    "id" : "1fd30943-1b8f-462c-9e36-52b0074f5060",
    "vertices" : [ {
      "x" : 29.034441,
      "y" : -76.01315,
      "z" : 0.0
    }, {
      "x" : 33.994118,
      "y" : -42.01904,
      "z" : 12.984597
    }, {
      "x" : 46.978714,
      "y" : -46.978714,
      "z" : 46.978714
    } ],
    "faces" : [ {
      "vertices" : [ 0, 1, 2 ]
    }, {
      "vertices" : [ 0, 2, 1 ]
    } ]
  }, {
    "id" : "1fd61f74-d79d-4c39-b363-faae6688f649",
    "vertices" : [ {
      "x" : 0.0,
      "y" : -122.99187,
      "z" : 76.01315
    }, {
      "x" : -29.034441,
      "y" : -76.01315,
      "z" : 0.0
    }, {
      "x" : 0.0,
      "y" : -55.003635,
      "z" : 8.024922
    } ],
    "faces" : [ {
      "vertices" : [ 0, 1, 2 ]
    }, {
      "vertices" : [ 0, 2, 1 ]
    } ]
  }, {
    "id" : "940cd068-3ffd-4cba-a68f-4cf73d7e0ecf",
    "vertices" : [ {
      "x" : -46.978714,
      "y" : -46.978714,
      "z" : -46.978714
    }, {
      "x" : 0.0,
      "y" : -122.99187,
      "z" : -76.01315
    }, {
      "x" : -46.978714,
      "y" : -199.00502,
      "z" : -199.00502
    } ],
    "faces" : [ {
      "vertices" : [ 0, 1, 2 ]
    }, {
      "vertices" : [ 0, 2, 1 ]
    } ]
  }, {
    "id" : "7a97172e-d878-484a-954a-60498b53566e",
    "vertices" : [ {
      "x" : -46.978714,
      "y" : -46.978714,
      "z" : -46.978714
    }, {
      "x" : -76.01315,
      "y" : 0.0,
      "z" : -122.99187
    }, {
      "x" : -199.00502,
      "y" : -46.978714,
      "z" : -199.00502
    } ],
    "faces" : [ {
      "vertices" : [ 0, 1, 2 ]
    }, {
      "vertices" : [ 0, 2, 1 ]
    } ]
  }, {
    "id" : "af3a0d02-bde2-46a5-82e9-3549009a3a9f",
    "vertices" : [ {
      "x" : 12.984597,
      "y" : -33.994118,
      "z" : -42.01904
    }, {
      "x" : 46.978714,
      "y" : -46.978714,
      "z" : -46.978714
    }, {
      "x" : 0.0,
      "y" : -122.99187,
      "z" : -76.01315
    } ],
    "faces" : [ {
      "vertices" : [ 0, 1, 2 ]
    }, {
      "vertices" : [ 0, 2, 1 ]
    } ]
  }, {
    "id" : "314a083a-38fa-44e5-93c8-c3dda91e61c4",
    "vertices" : [ {
      "x" : -122.99187,
      "y" : -76.01315,
      "z" : 0.0
    }, {
      "x" : -76.01315,
      "y" : 0.0,
      "z" : 29.034441
    }, {
      "x" : -55.003635,
      "y" : -8.024922,
      "z" : 0.0
    } ],
    "faces" : [ {
      "vertices" : [ 0, 1, 2 ]
    }, {
      "vertices" : [ 0, 2, 1 ]
    } ]
  }, {
    "id" : "7c1d0c4e-4547-4b16-a799-633fc9407c74",
    "vertices" : [ {
      "x" : 0.0,
      "y" : -122.99187,
      "z" : -76.01315
    }, {
      "x" : 0.0,
      "y" : -29.034441,
      "z" : -76.01315
    }, {
      "x" : 12.984597,
      "y" : -33.994118,
      "z" : -42.01904
    } ],
    "faces" : [ {
      "vertices" : [ 0, 1, 2 ]
    }, {
      "vertices" : [ 0, 2, 1 ]
    } ]
  }, {
    "id" : "1f4c0343-dc04-4e66-aa4c-d8b3f2e62f80",
    "vertices" : [ {
      "x" : 76.01315,
      "y" : 0.0,
      "z" : 29.034441
    }, {
      "x" : 122.99187,
      "y" : -76.01315,
      "z" : 0.0
    }, {
      "x" : 275.0182,
      "y" : -76.01315,
      "z" : 0.0
    } ],
    "faces" : [ {
      "vertices" : [ 0, 1, 2 ]
    }, {
      "vertices" : [ 0, 2, 1 ]
    } ]
  }, {
    "id" : "60120a65-e428-4387-977f-5a0bbe405f8b",
    "vertices" : [ {
      "x" : -46.978714,
      "y" : -46.978714,
      "z" : -46.978714
    }, {
      "x" : -76.01315,
      "y" : 0.0,
      "z" : -29.034441
    }, {
      "x" : -245.98373,
      "y" : -122.99187,
      "z" : -76.01315
    } ],
    "faces" : [ {
      "vertices" : [ 0, 1, 2 ]
    }, {
      "vertices" : [ 0, 2, 1 ]
    } ]
  }, {
    "id" : "6bb5f72e-94c7-4a67-84fa-88908db0249e",
    "vertices" : [ {
      "x" : 76.01315,
      "y" : 0.0,
      "z" : -122.99187
    }, {
      "x" : 76.01315,
      "y" : 0.0,
      "z" : -29.034441
    }, {
      "x" : 42.01904,
      "y" : -12.984597,
      "z" : -33.994118
    } ],
    "faces" : [ {
      "vertices" : [ 0, 1, 2 ]
    }, {
      "vertices" : [ 0, 2, 1 ]
    } ]
  }, {
    "id" : "b4ae6698-eca7-43c8-91dc-389a107e9d64",
    "vertices" : [ {
      "x" : 122.99187,
      "y" : 76.01315,
      "z" : 0.0
    }, {
      "x" : 76.01315,
      "y" : 0.0,
      "z" : 29.034441
    }, {
      "x" : 55.003635,
      "y" : 8.024922,
      "z" : 0.0
    } ],
    "faces" : [ {
      "vertices" : [ 0, 1, 2 ]
    }, {
      "vertices" : [ 0, 2, 1 ]
    } ]
  }, {
    "id" : "36cf7e0e-3a54-4b4a-83f9-eedad296ece4",
    "vertices" : [ {
      "x" : 0.0,
      "y" : -122.99187,
      "z" : -76.01315
    }, {
      "x" : -29.034441,
      "y" : -76.01315,
      "z" : 0.0
    }, {
      "x" : -21.00952,
      "y" : -46.978714,
      "z" : -21.00952
    } ],
    "faces" : [ {
      "vertices" : [ 0, 1, 2 ]
    }, {
      "vertices" : [ 0, 2, 1 ]
    } ]
  }, {
    "id" : "aef96a95-f2dd-4a99-8701-6056d49ea654",
    "vertices" : [ {
      "x" : 0.0,
      "y" : -122.99187,
      "z" : -76.01315
    }, {
      "x" : -46.978714,
      "y" : -46.978714,
      "z" : -46.978714
    }, {
      "x" : -12.984597,
      "y" : -33.994118,
      "z" : -42.01904
    } ],
    "faces" : [ {
      "vertices" : [ 0, 1, 2 ]
    }, {
      "vertices" : [ 0, 2, 1 ]
    } ]
  }, {
    "id" : "26349aa5-17e6-40ca-b4e0-b42f1476b47c",
    "vertices" : [ {
      "x" : 0.0,
      "y" : 29.034441,
      "z" : -76.01315
    }, {
      "x" : 46.978714,
      "y" : 46.978714,
      "z" : -46.978714
    }, {
      "x" : 46.978714,
      "y" : 199.00502,
      "z" : -199.00502
    } ],
    "faces" : [ {
      "vertices" : [ 0, 1, 2 ]
    }, {
      "vertices" : [ 0, 2, 1 ]
    } ]
  }, {
    "id" : "1c3f8843-2f85-4898-91ec-71c0c675e5cc",
    "vertices" : [ {
      "x" : 76.01315,
      "y" : 0.0,
      "z" : -122.99187
    }, {
      "x" : 0.0,
      "y" : 29.034441,
      "z" : -76.01315
    }, {
      "x" : 21.00952,
      "y" : 21.00952,
      "z" : -46.978714
    } ],
    "faces" : [ {
      "vertices" : [ 0, 1, 2 ]
    }, {
      "vertices" : [ 0, 2, 1 ]
    } ]
  }, {
    "id" : "b7e020b9-c8fd-44ba-8b18-3e2f1870cd8c",
    "vertices" : [ {
      "x" : -76.01315,
      "y" : 0.0,
      "z" : -29.034441
    }, {
      "x" : -76.01315,
      "y" : 0.0,
      "z" : 29.034441
    }, {
      "x" : -275.0182,
      "y" : -76.01315,
      "z" : 0.0
    } ],
    "faces" : [ {
      "vertices" : [ 0, 1, 2 ]
    }, {
      "vertices" : [ 0, 2, 1 ]
    } ]
  }, {
    "id" : "4899b559-fc65-4ed7-8895-491fb19133b7",
    "vertices" : [ {
      "x" : 76.01315,
      "y" : 0.0,
      "z" : -29.034441
    }, {
      "x" : 55.003635,
      "y" : 8.024922,
      "z" : 0.0
    }, {
      "x" : 76.01315,
      "y" : 0.0,
      "z" : 29.034441
    } ],
    "faces" : [ {
      "vertices" : [ 0, 1, 2 ]
    }, {
      "vertices" : [ 0, 2, 1 ]
    } ]
  }, {
    "id" : "f07d40c4-67d7-4c7b-ad99-f489d5f11174",
    "vertices" : [ {
      "x" : 0.0,
      "y" : -55.003635,
      "z" : -8.024922
    }, {
      "x" : -29.034441,
      "y" : -76.01315,
      "z" : 0.0
    }, {
      "x" : 0.0,
      "y" : -122.99187,
      "z" : -76.01315
    } ],
    "faces" : [ {
      "vertices" : [ 0, 1, 2 ]
    }, {
      "vertices" : [ 0, 2, 1 ]
    } ]
  }, {
    "id" : "f5dfc60b-e6a6-4eb6-9984-fcddcdf76072",
    "vertices" : [ {
      "x" : 29.034441,
      "y" : 76.01315,
      "z" : 0.0
    }, {
      "x" : 33.994118,
      "y" : 42.01904,
      "z" : -12.984597
    }, {
      "x" : 46.978714,
      "y" : 46.978714,
      "z" : -46.978714
    } ],
    "faces" : [ {
      "vertices" : [ 0, 1, 2 ]
    }, {
      "vertices" : [ 0, 2, 1 ]
    } ]
  }, {
    "id" : "726d4e44-ab4a-44ce-bbf6-df95a1a73ac3",
    "vertices" : [ {
      "x" : -76.01315,
      "y" : 0.0,
      "z" : -29.034441
    }, {
      "x" : -122.99187,
      "y" : 76.01315,
      "z" : 0.0
    }, {
      "x" : -245.98373,
      "y" : 122.99187,
      "z" : -76.01315
    } ],
    "faces" : [ {
      "vertices" : [ 0, 1, 2 ]
    }, {
      "vertices" : [ 0, 2, 1 ]
    } ]
  }, {
    "id" : "9ef298e3-7b3d-407a-ae5f-224c41603912",
    "vertices" : [ {
      "x" : -46.978714,
      "y" : 46.978714,
      "z" : -46.978714
    }, {
      "x" : 0.0,
      "y" : 122.99187,
      "z" : -76.01315
    }, {
      "x" : -46.978714,
      "y" : 199.00502,
      "z" : -199.00502
    } ],
    "faces" : [ {
      "vertices" : [ 0, 1, 2 ]
    }, {
      "vertices" : [ 0, 2, 1 ]
    } ]
  }, {
    "id" : "7751f9ee-701e-4e79-9ae1-14c2deea4de5",
    "vertices" : [ {
      "x" : 76.01315,
      "y" : 0.0,
      "z" : -122.99187
    }, {
      "x" : 46.978714,
      "y" : 46.978714,
      "z" : -46.978714
    }, {
      "x" : 42.01904,
      "y" : 12.984597,
      "z" : -33.994118
    } ],
    "faces" : [ {
      "vertices" : [ 0, 1, 2 ]
    }, {
      "vertices" : [ 0, 2, 1 ]
    } ]
  }, {
    "id" : "c578f790-fa4e-4a1e-a6bf-8bf32467872a",
    "vertices" : [ {
      "x" : 21.00952,
      "y" : 21.00952,
      "z" : -46.978714
    }, {
      "x" : 46.978714,
      "y" : 46.978714,
      "z" : -46.978714
    }, {
      "x" : 76.01315,
      "y" : 0.0,
      "z" : -122.99187
    } ],
    "faces" : [ {
      "vertices" : [ 0, 1, 2 ]
    }, {
      "vertices" : [ 0, 2, 1 ]
    } ]
  }, {
    "id" : "874c1a27-b30a-4c51-b9af-45c51b085af1",
    "vertices" : [ {
      "x" : 46.978714,
      "y" : -21.00952,
      "z" : 21.00952
    }, {
      "x" : 46.978714,
      "y" : -46.978714,
      "z" : 46.978714
    }, {
      "x" : 122.99187,
      "y" : -76.01315,
      "z" : 0.0
    } ],
    "faces" : [ {
      "vertices" : [ 0, 1, 2 ]
    }, {
      "vertices" : [ 0, 2, 1 ]
    } ]
  }, {
    "id" : "149a0178-b288-41a7-8cd8-1aa8f3753df7",
    "vertices" : [ {
      "x" : -33.994118,
      "y" : -42.01904,
      "z" : 12.984597
    }, {
      "x" : -46.978714,
      "y" : -46.978714,
      "z" : 46.978714
    }, {
      "x" : -122.99187,
      "y" : -76.01315,
      "z" : 0.0
    } ],
    "faces" : [ {
      "vertices" : [ 0, 1, 2 ]
    }, {
      "vertices" : [ 0, 2, 1 ]
    } ]
  }, {
    "id" : "e59dc6ae-90ed-4964-88e2-899fc83f3e5e",
    "vertices" : [ {
      "x" : 76.01315,
      "y" : 0.0,
      "z" : -29.034441
    }, {
      "x" : 122.99187,
      "y" : -76.01315,
      "z" : 0.0
    }, {
      "x" : 275.0182,
      "y" : -76.01315,
      "z" : 0.0
    } ],
    "faces" : [ {
      "vertices" : [ 0, 1, 2 ]
    }, {
      "vertices" : [ 0, 2, 1 ]
    } ]
  }, {
    "id" : "ae28d704-c2de-49cc-92e2-9b2ebb8fc63d",
    "vertices" : [ {
      "x" : -122.99187,
      "y" : 76.01315,
      "z" : 0.0
    }, {
      "x" : -46.978714,
      "y" : 46.978714,
      "z" : -46.978714
    }, {
      "x" : -46.978714,
      "y" : 21.00952,
      "z" : -21.00952
    } ],
    "faces" : [ {
      "vertices" : [ 0, 1, 2 ]
    }, {
