
// Captured by setting a breakpoint on SceneCanvasRef

export const icosahedralScene = {
  "fixedCamera": {
    "near": 0.3320118188858032,
    "far": 265.60888671875,
    "width": 59.7620849609375,
    "distance": 132.8046875,
    "up": [
      -0.010515992529690266,
      0.9989596009254456,
      0.044387735426425934
    ],
    "lookAt": [
      0,
      0,
      0
    ],
    "lookDir": [
      0.011862882412970066,
      0.044511228799819946,
      -0.9989377856254578
    ],
    "perspective": true
  },
  "lighting": {
    "backgroundColor": "#b2cde6",
    "ambientColor": "#292929",
    "directionalLights": [
      {
        "direction": [
          1,
          -1,
          -0.3
        ],
        "color": "#FDFDFD"
      },
      {
        "direction": [
          -1,
          0,
          0
        ],
        "color": "#808080"
      },
      {
        "direction": [
          0,
          0,
          -1
        ],
        "color": "#1E1E1E"
      }
    ]
  },
  "embedding": [
    1,
    0,
    0,
    0,
    0,
    1,
    0,
    0,
    0,
    0,
    1,
    0,
    0,
    0,
    0,
    1
  ],
  "shapes": {
    "s0.8247909735208028": {
      "id": "s0.8247909735208028",
      "vertices": [
        {
          "x": 12.326237678527832,
          "y": -10.85410213470459,
          "z": 8.472135543823242
        },
        {
          "x": 12.090169906616211,
          "y": -9.85410213470459,
          "z": 10.70820426940918
        },
        {
          "x": 11.090169906616211,
          "y": -11.090169906616211,
          "z": 11.090169906616211
        }
      ],
      "faces": [
        {
          "vertices": [
            0,
            1,
            2
          ]
        },
        {
          "vertices": [
            0,
            2,
            1
          ]
        }
      ],
      "instances": [
        {
          "id": "0.17443249393768645",
          "position": [
            0,
            0,
            0
          ],
          "rotation": [
            1,
            0,
            0,
            0,
            0,
            1,
            0,
            0,
            0,
            0,
            1,
            0,
            0,
            0,
            0,
            1
          ],
          "color": "#ffcc00",
          "selected": false,
          "shapeId": "s0.8247909735208028",
          "type": null
        }
      ]
    },
    "s0.832911416022627": {
      "id": "s0.832911416022627",
      "vertices": [
        {
          "x": 15.090169906616211,
          "y": -10.326237678527832,
          "z": 2.6180338859558105
        },
        {
          "x": 16.32623863220215,
          "y": -10.090169906616211,
          "z": 0
        },
        {
          "x": 16.09016990661621,
          "y": -9.090169906616211,
          "z": 2.2360680103302
        }
      ],
      "faces": [
        {
          "vertices": [
            0,
            1,
            2
          ]
        },
        {
          "vertices": [
            0,
            2,
            1
          ]
        }
      ],
      "instances": [
        {
          "id": "0.34460898103531634",
          "position": [
            0,
            0,
            0
          ],
          "rotation": [
            1,
            0,
            0,
            0,
            0,
            1,
            0,
            0,
            0,
            0,
            1,
            0,
            0,
            0,
            0,
            1
          ],
          "color": "#cc0000",
          "selected": false,
          "shapeId": "s0.832911416022627",
          "type": null
        }
      ]
    },
    "s0.979780498341809": {
      "id": "s0.979780498341809",
      "vertices": [
        {
          "x": 16.09016990661621,
          "y": -9.090169906616211,
          "z": 2.2360680103302
        },
        {
          "x": 15.090169906616211,
          "y": -10.326237678527832,
          "z": 2.6180338859558105
        },
        {
          "x": 12.326237678527832,
          "y": -10.85410213470459,
          "z": 8.472135543823242
        },
        {
          "x": 12.090169906616211,
          "y": -9.85410213470459,
          "z": 10.70820426940918
        },
        {
          "x": 14.326237678527832,
          "y": -7.090169906616211,
          "z": 9.85410213470459
        },
        {
          "x": 15.562305450439453,
          "y": -6.85410213470459,
          "z": 7.236067771911621
        }
      ],
      "faces": [
        {
          "vertices": [
            0,
            1,
            2
          ]
        },
        {
          "vertices": [
            0,
            2,
            3
          ]
        },
        {
          "vertices": [
            0,
            3,
            4
          ]
        },
        {
          "vertices": [
            0,
            4,
            5
          ]
        },
        {
          "vertices": [
            0,
            5,
            4
          ]
        },
        {
          "vertices": [
            0,
            4,
            3
          ]
        },
        {
          "vertices": [
            0,
            3,
            2
          ]
        },
        {
          "vertices": [
            0,
            2,
            1
          ]
        }
      ],
      "instances": [
        {
          "id": "0.6610417534751252",
          "position": [
            0,
            0,
            0
          ],
          "rotation": [
            1,
            0,
            0,
            0,
            0,
            1,
            0,
            0,
            0,
            0,
            1,
            0,
            0,
            0,
            0,
            1
          ],
          "color": "#666666",
          "selected": false,
          "shapeId": "s0.979780498341809",
          "type": null
        }
      ]
    },
    "s0.6112303343098189": {
      "id": "s0.6112303343098189",
      "vertices": [
        {
          "x": 15.562305450439453,
          "y": -6.85410213470459,
          "z": 7.236067771911621
        },
        {
          "x": 14.326237678527832,
          "y": -7.090169906616211,
          "z": 9.85410213470459
        },
        {
          "x": 15.326237678527832,
          "y": -5.85410213470459,
          "z": 9.472135543823242
        }
      ],
      "faces": [
        {
          "vertices": [
            0,
            1,
            2
          ]
        },
        {
          "vertices": [
            0,
            2,
            1
          ]
        }
      ],
      "instances": [
        {
          "id": "0.7919452904391855",
          "position": [
            0,
            0,
            0
          ],
          "rotation": [
            1,
            0,
            0,
            0,
            0,
            1,
            0,
            0,
            0,
            0,
            1,
            0,
            0,
            0,
            0,
            1
          ],
          "color": "#0099cc",
          "selected": false,
          "shapeId": "s0.6112303343098189",
          "type": null
        }
      ]
    },
    "s0.46959457974452823": {
      "id": "s0.46959457974452823",
      "vertices": [
        {
          "x": -15.562305450439453,
          "y": 6.85410213470459,
          "z": -7.236067771911621
        },
        {
          "x": -14.326237678527832,
          "y": 7.090169906616211,
          "z": -9.85410213470459
        },
        {
          "x": -15.326237678527832,
          "y": 5.85410213470459,
          "z": -9.472135543823242
        }
      ],
      "faces": [
        {
          "vertices": [
            0,
            1,
            2
          ]
        },
        {
          "vertices": [
            0,
            2,
            1
          ]
        }
      ],
      "instances": [
        {
          "id": "0.24020807991308835",
          "position": [
            0,
            0,
            0
          ],
          "rotation": [
            1,
            0,
            0,
            0,
            0,
            1,
            0,
            0,
            0,
            0,
            1,
            0,
            0,
            0,
            0,
            1
          ],
          "color": "#0099cc",
          "selected": false,
          "shapeId": "s0.46959457974452823",
          "type": null
        }
      ]
    },
    "s0.2852479615121106": {
      "id": "s0.2852479615121106",
      "vertices": [
        {
          "x": -7.236067771911621,
          "y": -15.562305450439453,
          "z": 6.85410213470459
        },
        {
          "x": -9.85410213470459,
          "y": -14.326237678527832,
          "z": 7.090169906616211
        },
        {
          "x": -9.472135543823242,
          "y": -15.326237678527832,
          "z": 5.85410213470459
        }
      ],
      "faces": [
        {
          "vertices": [
            0,
            1,
            2
          ]
        },
        {
          "vertices": [
            0,
            2,
            1
          ]
        }
      ],
      "instances": [
        {
          "id": "0.39760865294479397",
          "position": [
            0,
            0,
            0
          ],
          "rotation": [
            1,
            0,
            0,
            0,
            0,
            1,
            0,
            0,
            0,
            0,
            1,
            0,
            0,
            0,
            0,
            1
          ],
          "color": "#0099cc",
          "selected": false,
          "shapeId": "s0.2852479615121106",
          "type": null
        }
      ]
    },
    "s0.19304222428239748": {
      "id": "s0.19304222428239748",
      "vertices": [
        {
          "x": 7.236067771911621,
          "y": 15.562305450439453,
          "z": -6.85410213470459
        },
        {
          "x": 9.85410213470459,
          "y": 14.326237678527832,
          "z": -7.090169906616211
        },
        {
          "x": 9.472135543823242,
          "y": 15.326237678527832,
          "z": -5.85410213470459
        }
      ],
      "faces": [
        {
          "vertices": [
            0,
            1,
            2
          ]
        },
        {
          "vertices": [
            0,
            2,
            1
          ]
        }
      ],
      "instances": [
        {
          "id": "0.9547189290893752",
          "position": [
            0,
            0,
            0
          ],
          "rotation": [
            1,
            0,
            0,
            0,
            0,
            1,
            0,
            0,
            0,
            0,
            1,
            0,
            0,
            0,
            0,
            1
          ],
          "color": "#0099cc",
          "selected": false,
          "shapeId": "s0.19304222428239748",
          "type": null
        }
      ]
    },
    "s0.04268990451596966": {
      "id": "s0.04268990451596966",
      "vertices": [
        {
          "x": 6.85410213470459,
          "y": -7.236067771911621,
          "z": -15.562305450439453
        },
        {
          "x": 7.090169906616211,
          "y": -9.85410213470459,
          "z": -14.326237678527832
        },
        {
          "x": 5.85410213470459,
          "y": -9.472135543823242,
          "z": -15.326237678527832
        }
      ],
      "faces": [
        {
          "vertices": [
            0,
            1,
            2
          ]
        },
        {
          "vertices": [
            0,
            2,
            1
          ]
        }
      ],
      "instances": [
        {
          "id": "0.8921984589619454",
          "position": [
            0,
            0,
            0
          ],
          "rotation": [
            1,
            0,
            0,
            0,
            0,
            1,
            0,
            0,
            0,
            0,
            1,
            0,
            0,
            0,
            0,
            1
          ],
          "color": "#0099cc",
          "selected": false,
          "shapeId": "s0.04268990451596966",
          "type": null
        }
      ]
    },
    "s0.42907155027323074": {
      "id": "s0.42907155027323074",
      "vertices": [
        {
          "x": -6.85410213470459,
          "y": 7.236067771911621,
          "z": 15.562305450439453
        },
        {
          "x": -7.090169906616211,
          "y": 9.85410213470459,
          "z": 14.326237678527832
        },
        {
          "x": -5.85410213470459,
          "y": 9.472135543823242,
          "z": 15.326237678527832
        }
      ],
      "faces": [
        {
          "vertices": [
            0,
            1,
            2
          ]
        },
        {
          "vertices": [
            0,
            2,
            1
          ]
        }
      ],
      "instances": [
        {
          "id": "0.42655259544038215",
          "position": [
            0,
            0,
            0
          ],
          "rotation": [
            1,
            0,
            0,
            0,
            0,
            1,
            0,
            0,
            0,
            0,
            1,
            0,
            0,
            0,
            0,
            1
          ],
          "color": "#0099cc",
          "selected": false,
          "shapeId": "s0.42907155027323074",
          "type": null
        }
      ]
    },
    "s0.4634034209988005": {
      "id": "s0.4634034209988005",
      "vertices": [
        {
          "x": -14.090169906616211,
          "y": 4.4721360206604,
          "z": 11.090169906616211
        },
        {
          "x": -14.326237678527832,
          "y": 7.090169906616211,
          "z": 9.85410213470459
        },
        {
          "x": -15.326237678527832,
          "y": 5.85410213470459,
          "z": 9.472135543823242
        }
      ],
      "faces": [
        {
          "vertices": [
            0,
            1,
            2
          ]
        },
        {
          "vertices": [
            0,
            2,
            1
          ]
        }
      ],
      "instances": [
        {
          "id": "0.743957369862656",
          "position": [
            0,
            0,
            0
          ],
          "rotation": [
            1,
            0,
            0,
            0,
            0,
            1,
            0,
            0,
            0,
            0,
            1,
            0,
            0,
            0,
            0,
            1
          ],
          "color": "#0099cc",
          "selected": false,
          "shapeId": "s0.4634034209988005",
          "type": null
        }
      ]
    },
    "s0.21472662714368584": {
      "id": "s0.21472662714368584",
      "vertices": [
        {
          "x": 14.090169906616211,
          "y": -4.4721360206604,
          "z": -11.090169906616211
        },
        {
          "x": 14.326237678527832,
          "y": -7.090169906616211,
          "z": -9.85410213470459
        },
        {
          "x": 15.326237678527832,
          "y": -5.85410213470459,
          "z": -9.472135543823242
        }
      ],
      "faces": [
        {
          "vertices": [
            0,
            1,
            2
          ]
        },
        {
          "vertices": [
            0,
            2,
            1
          ]
        }
      ],
      "instances": [
        {
          "id": "0.7531336583767563",
          "position": [
            0,
            0,
            0
          ],
          "rotation": [
            1,
            0,
            0,
            0,
            0,
            1,
            0,
            0,
            0,
            0,
            1,
            0,
            0,
            0,
            0,
            1
          ],
          "color": "#0099cc",
          "selected": false,
          "shapeId": "s0.21472662714368584",
          "type": null
        }
      ]
    },
    "s0.8640596176481266": {
      "id": "s0.8640596176481266",
      "vertices": [
        {
          "x": 11.090169906616211,
          "y": -14.090169906616211,
          "z": 4.4721360206604
        },
        {
          "x": 9.85410213470459,
          "y": -14.326237678527832,
          "z": 7.090169906616211
        },
        {
          "x": 9.472135543823242,
          "y": -15.326237678527832,
          "z": 5.85410213470459
        }
      ],
      "faces": [
        {
          "vertices": [
            0,
            1,
            2
          ]
        },
        {
          "vertices": [
            0,
            2,
            1
          ]
        }
      ],
      "instances": [
        {
          "id": "0.500014121741706",
          "position": [
            0,
            0,
            0
          ],
          "rotation": [
            1,
            0,
            0,
            0,
            0,
            1,
            0,
            0,
            0,
            0,
            1,
            0,
            0,
            0,
            0,
            1
          ],
          "color": "#0099cc",
          "selected": false,
          "shapeId": "s0.8640596176481266",
          "type": null
        }
      ]
    },
    "s0.8557675856344213": {
      "id": "s0.8557675856344213",
      "vertices": [
        {
          "x": -11.090169906616211,
          "y": 14.090169906616211,
          "z": -4.4721360206604
        },
        {
          "x": -9.85410213470459,
          "y": 14.326237678527832,
          "z": -7.090169906616211
        },
        {
          "x": -9.472135543823242,
          "y": 15.326237678527832,
          "z": -5.85410213470459
        }
      ],
      "faces": [
        {
          "vertices": [
            0,
            1,
            2
          ]
        },
        {
          "vertices": [
            0,
            2,
            1
          ]
        }
      ],
      "instances": [
        {
          "id": "0.8379512483665614",
          "position": [
            0,
            0,
            0
          ],
          "rotation": [
            1,
            0,
            0,
            0,
            0,
            1,
            0,
            0,
            0,
            0,
            1,
            0,
            0,
            0,
            0,
            1
          ],
          "color": "#0099cc",
          "selected": false,
          "shapeId": "s0.8557675856344213",
          "type": null
        }
      ]
    },
    "s0.02486404189206226": {
      "id": "s0.02486404189206226",
      "vertices": [
        {
          "x": 4.4721360206604,
          "y": 11.090169906616211,
          "z": -14.090169906616211
        },
        {
          "x": 7.090169906616211,
          "y": 9.85410213470459,
          "z": -14.326237678527832
        },
        {
          "x": 5.85410213470459,
          "y": 9.472135543823242,
          "z": -15.326237678527832
        }
      ],
      "faces": [
        {
          "vertices": [
            0,
            1,
            2
          ]
        },
        {
          "vertices": [
            0,
            2,
            1
          ]
        }
      ],
      "instances": [
        {
          "id": "0.43036417837028673",
          "position": [
            0,
            0,
            0
          ],
          "rotation": [
            1,
            0,
            0,
            0,
            0,
            1,
            0,
            0,
            0,
            0,
            1,
            0,
            0,
            0,
            0,
            1
          ],
          "color": "#0099cc",
          "selected": false,
          "shapeId": "s0.02486404189206226",
          "type": null
        }
      ]
    },
    "s0.9178522299759109": {
      "id": "s0.9178522299759109",
      "vertices": [
        {
          "x": -4.4721360206604,
          "y": -11.090169906616211,
          "z": 14.090169906616211
        },
        {
          "x": -7.090169906616211,
          "y": -9.85410213470459,
          "z": 14.326237678527832
        },
        {
          "x": -5.85410213470459,
          "y": -9.472135543823242,
          "z": 15.326237678527832
        }
      ],
      "faces": [
        {
          "vertices": [
            0,
            1,
            2
          ]
        },
        {
          "vertices": [
            0,
            2,
            1
          ]
        }
      ],
      "instances": [
        {
          "id": "0.3887062128402585",
          "position": [
            0,
            0,
            0
          ],
          "rotation": [
            1,
            0,
            0,
            0,
            0,
            1,
            0,
            0,
            0,
            0,
            1,
            0,
            0,
            0,
            0,
            1
          ],
          "color": "#0099cc",
          "selected": false,
          "shapeId": "s0.9178522299759109",
          "type": null
        }
      ]
    },
    "s0.847665533668821": {
      "id": "s0.847665533668821",
      "vertices": [
        {
          "x": -4.4721360206604,
          "y": -11.090169906616211,
          "z": 14.090169906616211
        },
        {
          "x": -4.4721360206604,
          "y": -8.85410213470459,
          "z": 15.9442720413208
        },
        {
          "x": -5.85410213470459,
          "y": -9.472135543823242,
          "z": 15.326237678527832
        }
      ],
      "faces": [
        {
          "vertices": [
            0,
            1,
            2
          ]
        },
        {
          "vertices": [
            0,
            2,
            1
          ]
        }
      ],
      "instances": [
        {
          "id": "0.8261443795716674",
          "position": [
            0,
            0,
            0
          ],
          "rotation": [
            1,
            0,
            0,
            0,
            0,
            1,
            0,
            0,
            0,
            0,
            1,
            0,
            0,
            0,
            0,
            1
          ],
          "color": "#0099cc",
          "selected": false,
          "shapeId": "s0.847665533668821",
          "type": null
        }
      ]
    },
    "s0.19608678784020173": {
      "id": "s0.19608678784020173",
      "vertices": [
        {
          "x": 4.4721360206604,
          "y": 11.090169906616211,
          "z": -14.090169906616211
        },
        {
          "x": 4.4721360206604,
          "y": 8.85410213470459,
          "z": -15.9442720413208
        },
        {
          "x": 5.85410213470459,
          "y": 9.472135543823242,
          "z": -15.326237678527832
        }
      ],
      "faces": [
        {
          "vertices": [
            0,
            1,
            2
          ]
        },
        {
          "vertices": [
            0,
            2,
            1
          ]
        }
      ],
      "instances": [
        {
          "id": "0.8488142281809121",
          "position": [
            0,
            0,
            0
          ],
          "rotation": [
            1,
            0,
            0,
            0,
            0,
            1,
            0,
            0,
            0,
            0,
            1,
            0,
            0,
            0,
            0,
            1
          ],
          "color": "#0099cc",
          "selected": false,
          "shapeId": "s0.19608678784020173",
          "type": null
        }
      ]
    },
    "s0.6228631939861446": {
      "id": "s0.6228631939861446",
      "vertices": [
        {
          "x": 14.090169906616211,
          "y": -4.4721360206604,
          "z": -11.090169906616211
        },
        {
          "x": 15.9442720413208,
          "y": -4.4721360206604,
          "z": -8.85410213470459
        },
        {
          "x": 15.326237678527832,
          "y": -5.85410213470459,
          "z": -9.472135543823242
        }
      ],
      "faces": [
        {
          "vertices": [
            0,
            1,
            2
          ]
        },
        {
          "vertices": [
            0,
            2,
            1
          ]
        }
      ],
      "instances": [
        {
          "id": "0.5049998062868513",
          "position": [
            0,
            0,
            0
          ],
          "rotation": [
            1,
            0,
            0,
            0,
            0,
            1,
            0,
            0,
            0,
            0,
            1,
            0,
            0,
            0,
            0,
            1
          ],
          "color": "#0099cc",
          "selected": false,
          "shapeId": "s0.6228631939861446",
          "type": null
        }
      ]
    },
    "s0.013928281833956557": {
      "id": "s0.013928281833956557",
      "vertices": [
        {
          "x": -14.090169906616211,
          "y": 4.4721360206604,
          "z": 11.090169906616211
        },
        {
          "x": -15.9442720413208,
          "y": 4.4721360206604,
          "z": 8.85410213470459
        },
        {
          "x": -15.326237678527832,
          "y": 5.85410213470459,
          "z": 9.472135543823242
        }
      ],
      "faces": [
        {
          "vertices": [
            0,
            1,
            2
          ]
        },
        {
          "vertices": [
            0,
            2,
            1
          ]
        }
      ],
      "instances": [
        {
          "id": "0.4749904161666014",
          "position": [
            0,
            0,
            0
          ],
          "rotation": [
            1,
            0,
            0,
            0,
            0,
            1,
            0,
            0,
            0,
            0,
            1,
            0,
            0,
            0,
            0,
            1
          ],
          "color": "#0099cc",
          "selected": false,
          "shapeId": "s0.013928281833956557",
          "type": null
        }
      ]
    },
    "s0.1282591860914084": {
      "id": "s0.1282591860914084",
      "vertices": [
        {
          "x": -11.090169906616211,
          "y": 14.090169906616211,
          "z": -4.4721360206604
        },
        {
          "x": -8.85410213470459,
          "y": 15.9442720413208,
          "z": -4.4721360206604
        },
        {
          "x": -9.472135543823242,
          "y": 15.326237678527832,
          "z": -5.85410213470459
        }
      ],
      "faces": [
        {
          "vertices": [
            0,
            1,
            2
          ]
        },
        {
          "vertices": [
            0,
            2,
            1
          ]
        }
      ],
      "instances": [
        {
          "id": "0.17021242603916154",
          "position": [
            0,
            0,
            0
          ],
          "rotation": [
            1,
            0,
            0,
            0,
            0,
            1,
            0,
            0,
            0,
            0,
            1,
            0,
            0,
            0,
            0,
            1
          ],
          "color": "#0099cc",
          "selected": false,
          "shapeId": "s0.1282591860914084",
          "type": null
        }
      ]
    },
    "s0.6485702192593976": {
      "id": "s0.6485702192593976",
      "vertices": [
        {
          "x": 11.090169906616211,
          "y": -14.090169906616211,
          "z": 4.4721360206604
        },
        {
          "x": 8.85410213470459,
          "y": -15.9442720413208,
          "z": 4.4721360206604
        },
        {
          "x": 9.472135543823242,
          "y": -15.326237678527832,
          "z": 5.85410213470459
        }
      ],
      "faces": [
        {
          "vertices": [
            0,
            1,
            2
          ]
        },
        {
          "vertices": [
            0,
            2,
            1
          ]
        }
      ],
      "instances": [
        {
          "id": "0.8229548753801954",
          "position": [
            0,
            0,
            0
          ],
          "rotation": [
            1,
            0,
            0,
            0,
            0,
            1,
            0,
            0,
            0,
            0,
            1,
            0,
            0,
            0,
            0,
            1
          ],
          "color": "#0099cc",
          "selected": false,
          "shapeId": "s0.6485702192593976",
          "type": null
        }
      ]
    },
    "s0.4392233345722869": {
      "id": "s0.4392233345722869",
      "vertices": [
        {
          "x": 0,
          "y": -18.32623863220215,
          "z": -2.3819661140441895
        },
        {
          "x": 1.6180340051651,
          "y": -18.70820426940918,
          "z": 0
        },
        {
          "x": 0,
          "y": -18.944271087646484,
          "z": 0
        }
      ],
      "faces": [
        {
          "vertices": [
            0,
            1,
            2
          ]
        },
        {
          "vertices": [
            0,
            2,
            1
          ]
        }
      ],
      "instances": [
        {
          "id": "0.7135034511112144",
          "position": [
            0,
            0,
            0
          ],
          "rotation": [
            1,
            0,
            0,
            0,
            0,
            1,
            0,
            0,
            0,
            0,
            1,
            0,
            0,
            0,
            0,
            1
          ],
          "color": "#0099cc",
          "selected": false,
          "shapeId": "s0.4392233345722869",
          "type": null
        }
      ]
    },
    "s0.10919484427372383": {
      "id": "s0.10919484427372383",
      "vertices": [
        {
          "x": 0,
          "y": 18.32623863220215,
          "z": 2.3819661140441895
        },
        {
          "x": -1.6180340051651,
          "y": 18.70820426940918,
          "z": 0
        },
        {
          "x": 0,
          "y": 18.944271087646484,
          "z": 0
        }
      ],
      "faces": [
        {
          "vertices": [
            0,
            1,
            2
          ]
        },
        {
          "vertices": [
            0,
            2,
            1
          ]
        }
      ],
      "instances": [
        {
          "id": "0.832069406217173",
          "position": [
            0,
            0,
            0
          ],
          "rotation": [
            1,
            0,
            0,
            0,
            0,
            1,
            0,
            0,
            0,
            0,
            1,
            0,
            0,
            0,
            0,
            1
          ],
          "color": "#0099cc",
          "selected": false,
          "shapeId": "s0.10919484427372383",
          "type": null
        }
      ]
    },
    "s0.9618742764914576": {
      "id": "s0.9618742764914576",
      "vertices": [
        {
          "x": -2.3819661140441895,
          "y": 0,
          "z": -18.32623863220215
        },
        {
          "x": 0,
          "y": 1.6180340051651,
          "z": -18.70820426940918
        },
        {
          "x": 0,
          "y": 0,
          "z": -18.944271087646484
        }
      ],
      "faces": [
        {
          "vertices": [
            0,
            1,
            2
          ]
        },
        {
          "vertices": [
            0,
            2,
            1
          ]
        }
      ],
      "instances": [
        {
          "id": "0.6796179279002024",
          "position": [
            0,
            0,
            0
          ],
          "rotation": [
            1,
            0,
            0,
            0,
            0,
            1,
            0,
            0,
            0,
            0,
            1,
            0,
            0,
            0,
            0,
            1
          ],
          "color": "#0099cc",
          "selected": false,
          "shapeId": "s0.9618742764914576",
          "type": null
        }
      ]
    },
    "s0.5318599676007898": {
      "id": "s0.5318599676007898",
      "vertices": [
        {
          "x": 2.3819661140441895,
          "y": 0,
          "z": 18.32623863220215
        },
        {
          "x": 0,
          "y": -1.6180340051651,
          "z": 18.70820426940918
        },
        {
          "x": 0,
          "y": 0,
          "z": 18.944271087646484
        }
      ],
      "faces": [
        {
          "vertices": [
            0,
            1,
            2
          ]
        },
        {
          "vertices": [
            0,
            2,
            1
          ]
        }
      ],
      "instances": [
        {
          "id": "0.7242495877113864",
          "position": [
            0,
            0,
            0
          ],
          "rotation": [
            1,
            0,
            0,
            0,
            0,
            1,
            0,
            0,
            0,
            0,
            1,
            0,
            0,
            0,
            0,
            1
          ],
          "color": "#0099cc",
          "selected": false,
          "shapeId": "s0.5318599676007898",
          "type": null
        }
      ]
    },
    "s0.06567278001391652": {
      "id": "s0.06567278001391652",
      "vertices": [
        {
          "x": -18.32623863220215,
          "y": -2.3819661140441895,
          "z": 0
        },
        {
          "x": -18.70820426940918,
          "y": 0,
          "z": 1.6180340051651
        },
        {
          "x": -18.944271087646484,
          "y": 0,
          "z": 0
        }
      ],
      "faces": [
        {
          "vertices": [
            0,
            1,
            2
          ]
        },
        {
          "vertices": [
            0,
            2,
            1
          ]
        }
      ],
      "instances": [
        {
          "id": "0.5370067023737854",
          "position": [
            0,
            0,
            0
          ],
          "rotation": [
            1,
            0,
            0,
            0,
            0,
            1,
            0,
            0,
            0,
            0,
            1,
            0,
            0,
            0,
            0,
            1
          ],
          "color": "#0099cc",
          "selected": false,
          "shapeId": "s0.06567278001391652",
          "type": null
        }
      ]
    },
    "s0.092486425494545": {
      "id": "s0.092486425494545",
      "vertices": [
        {
          "x": 18.32623863220215,
          "y": 2.3819661140441895,
          "z": 0
        },
        {
          "x": 18.70820426940918,
          "y": 0,
          "z": -1.6180340051651
        },
        {
          "x": 18.944271087646484,
          "y": 0,
          "z": 0
        }
      ],
      "faces": [
        {
          "vertices": [
            0,
            1,
            2
          ]
        },
        {
          "vertices": [
            0,
            2,
            1
          ]
        }
      ],
      "instances": [
        {
          "id": "0.34783377147784544",
          "position": [
            0,
            0,
            0
          ],
          "rotation": [
            1,
            0,
            0,
            0,
            0,
            1,
            0,
            0,
            0,
            0,
            1,
            0,
            0,
            0,
            0,
            1
          ],
          "color": "#0099cc",
          "selected": false,
          "shapeId": "s0.092486425494545",
          "type": null
        }
      ]
    },
    "s0.5743743162030999": {
      "id": "s0.5743743162030999",
      "vertices": [
        {
          "x": -6.85410213470459,
          "y": -7.236067771911621,
          "z": -15.562305450439453
        },
        {
          "x": -4.4721360206604,
          "y": -8.85410213470459,
          "z": -15.9442720413208
        },
        {
          "x": -5.85410213470459,
          "y": -9.472135543823242,
          "z": -15.326237678527832
        }
      ],
      "faces": [
        {
          "vertices": [
            0,
            1,
            2
          ]
        },
        {
          "vertices": [
            0,
            2,
            1
          ]
        }
      ],
      "instances": [
        {
          "id": "0.4971873992491982",
          "position": [
            0,
            0,
            0
          ],
          "rotation": [
            1,
            0,
            0,
            0,
            0,
            1,
            0,
            0,
            0,
            0,
            1,
            0,
            0,
            0,
            0,
            1
          ],
          "color": "#0099cc",
          "selected": false,
          "shapeId": "s0.5743743162030999",
          "type": null
        }
      ]
    },
    "s0.18056762873771537": {
      "id": "s0.18056762873771537",
      "vertices": [
        {
          "x": 6.85410213470459,
          "y": 7.236067771911621,
          "z": 15.562305450439453
        },
        {
          "x": 4.4721360206604,
          "y": 8.85410213470459,
          "z": 15.9442720413208
        },
        {
          "x": 5.85410213470459,
          "y": 9.472135543823242,
          "z": 15.326237678527832
        }
      ],
      "faces": [
        {
          "vertices": [
            0,
            1,
            2
          ]
        },
        {
          "vertices": [
            0,
            2,
            1
          ]
        }
      ],
      "instances": [
        {
          "id": "0.6997228113121079",
          "position": [
            0,
            0,
            0
          ],
          "rotation": [
            1,
            0,
            0,
            0,
            0,
            1,
            0,
            0,
            0,
            0,
            1,
            0,
            0,
            0,
            0,
            1
          ],
          "color": "#0099cc",
          "selected": false,
          "shapeId": "s0.18056762873771537",
          "type": null
        }
      ]
    },
    "s0.3385692333613872": {
      "id": "s0.3385692333613872",
      "vertices": [
        {
          "x": -15.562305450439453,
          "y": -6.85410213470459,
          "z": -7.236067771911621
        },
        {
          "x": -15.9442720413208,
          "y": -4.4721360206604,
          "z": -8.85410213470459
        },
        {
          "x": -15.326237678527832,
          "y": -5.85410213470459,
          "z": -9.472135543823242
        }
      ],
      "faces": [
        {
          "vertices": [
            0,
            1,
            2
          ]
        },
        {
          "vertices": [
            0,
            2,
            1
          ]
        }
      ],
      "instances": [
        {
          "id": "0.9249525600195678",
          "position": [
            0,
            0,
            0
          ],
          "rotation": [
            1,
            0,
            0,
            0,
            0,
            1,
            0,
            0,
            0,
            0,
            1,
            0,
            0,
            0,
            0,
            1
          ],
          "color": "#0099cc",
          "selected": false,
          "shapeId": "s0.3385692333613872",
          "type": null
        }
      ]
    },
    "s0.9611453228932163": {
      "id": "s0.9611453228932163",
      "vertices": [
        {
          "x": 15.562305450439453,
          "y": 6.85410213470459,
          "z": 7.236067771911621
        },
        {
          "x": 15.9442720413208,
          "y": 4.4721360206604,
