<?xml version="1.0" encoding="UTF-8"?>
<COLLADA version="1.4.1" xmlns="http://www.collada.org/2005/11/COLLADASchema">
    <asset>
        <contributor>
            <author>Scott Vorthmann</author>
            <authoring_tool>vZome</authoring_tool>
            <comments/>
            <copyright/>
        </contributor>
        <created>2011-02-28T21:23:22Z</created>
        <modified>2011-02-28T21:23:22Z</modified>
        <unit meter="0.01" name="centimeter"/>
        <up_axis>Y_UP</up_axis>
    </asset>
    <library_cameras>
        <camera id="PerspCamera" name="PerspCamera">
            <optics>
                <technique_common>
                    <perspective>
                        <yfov>37.8493</yfov>
                        <aspect_ratio>1</aspect_ratio>
                        <znear>10</znear>
                        <zfar>1000</zfar>
                    </perspective>
                </technique_common>
            </optics>
        </camera>
    </library_cameras>
    <library_lights>
        <light id="dim-light">
            <technique_common>
                <directional>
                    <color>0.6 0.6 0.6</color>
                </directional>
            </technique_common>
            <technique profile="MAX3D">
                <intensity>1.000000</intensity>
            </technique>
        </light>
        <light id="bright-light">
            <technique_common>
                <directional>
                    <color>0.8 0.8 0.8</color>
                </directional>
            </technique_common>
            <technique profile="MAX3D">
                <intensity>1.000000</intensity>
            </technique>
        </light>
    </library_lights>
    <library_materials>
        <material id="color0">
            <instance_effect url="#color0-fx"/>
        </material>
        <material id="color1">
            <instance_effect url="#color1-fx"/>
        </material>
        <material id="color2">
            <instance_effect url="#color2-fx"/>
        </material>
        <material id="color3">
            <instance_effect url="#color3-fx"/>
        </material>
    </library_materials>
    <library_effects>
        <effect id="color0-fx">
            <profile_COMMON>
                <technique sid="common">
                    <phong>
                        <emission>
                            <color>0 0 0 1</color>
                        </emission>
                        <ambient>
                            <color>0.6 0.6 0.6 1</color>
                        </ambient>
                        <diffuse>
                            <color>1.0 1.0 1.0 1.0</color>
                        </diffuse>
                        <specular>
                            <color>0.7 0.7 0.7 1</color>
                        </specular>
                        <shininess>
                            <float>1.0</float>
                        </shininess>
                        <reflective>
                            <color>0 0 0 1</color>
                        </reflective>
                        <reflectivity>
                            <float>0.1</float>
                        </reflectivity>
                        <transparent>
                            <color>0 0 0 1</color>
                        </transparent>
                        <transparency>
                            <float>1</float>
                        </transparency>
                        <index_of_refraction>
                            <float>0</float>
                        </index_of_refraction>
                    </phong>
                </technique>
            </profile_COMMON>
        </effect>
        <effect id="color1-fx">
            <profile_COMMON>
                <technique sid="common">
                    <phong>
                        <emission>
                            <color>0 0 0 1</color>
                        </emission>
                        <ambient>
                            <color>0.6 0.6 0.6 1</color>
                        </ambient>
                        <diffuse>
                            <color>0.9254902 0.34901962 0.003921569 1.0</color>
                        </diffuse>
                        <specular>
                            <color>0.7 0.7 0.7 1</color>
                        </specular>
                        <shininess>
                            <float>1.0</float>
                        </shininess>
                        <reflective>
                            <color>0 0 0 1</color>
                        </reflective>
                        <reflectivity>
                            <float>0.1</float>
                        </reflectivity>
                        <transparent>
                            <color>0 0 0 1</color>
                        </transparent>
                        <transparency>
                            <float>1</float>
                        </transparency>
                        <index_of_refraction>
                            <float>0</float>
                        </index_of_refraction>
                    </phong>
                </technique>
            </profile_COMMON>
        </effect>
        <effect id="color2-fx">
            <profile_COMMON>
                <technique sid="common">
                    <phong>
                        <emission>
                            <color>0 0 0 1</color>
                        </emission>
                        <ambient>
                            <color>0.6 0.6 0.6 1</color>
                        </ambient>
                        <diffuse>
                            <color>0.007843138 0.50980395 0.20784314 1.0</color>
                        </diffuse>
                        <specular>
                            <color>0.7 0.7 0.7 1</color>
                        </specular>
                        <shininess>
                            <float>1.0</float>
                        </shininess>
                        <reflective>
                            <color>0 0 0 1</color>
                        </reflective>
                        <reflectivity>
                            <float>0.1</float>
                        </reflectivity>
                        <transparent>
                            <color>0 0 0 1</color>
                        </transparent>
                        <transparency>
                            <float>1</float>
                        </transparency>
                        <index_of_refraction>
                            <float>0</float>
                        </index_of_refraction>
                    </phong>
                </technique>
            </profile_COMMON>
        </effect>
        <effect id="color3-fx">
            <profile_COMMON>
                <technique sid="common">
                    <phong>
                        <emission>
                            <color>0 0 0 1</color>
                        </emission>
                        <ambient>
                            <color>0.6 0.6 0.6 1</color>
                        </ambient>
                        <diffuse>
                            <color>0.77254903 0.011764706 0.078431375 1.0</color>
                        </diffuse>
                        <specular>
                            <color>0.7 0.7 0.7 1</color>
                        </specular>
                        <shininess>
                            <float>1.0</float>
                        </shininess>
                        <reflective>
                            <color>0 0 0 1</color>
                        </reflective>
                        <reflectivity>
                            <float>0.1</float>
                        </reflectivity>
                        <transparent>
                            <color>0 0 0 1</color>
                        </transparent>
                        <transparency>
                            <float>1</float>
                        </transparency>
                        <index_of_refraction>
                            <float>0</float>
                        </index_of_refraction>
                    </phong>
                </technique>
            </profile_COMMON>
        </effect>
    </library_effects>
    <library_geometries>
        <geometry id="shape0-geom">
            <mesh>
                <source id="shape0-positions" name="position">
                    <float_array count="180" id="shape0-positions-array">0.3090 -0.8090 0.6180 0.8090 -0.6180 0.3090 0.6180 -0.3090 0.8090 1.0000 0.3090 0.1910 0.8090 0.6180 0.3090 0.6180 0.3090 0.8090 0.8090 0.0000 0.6910 0.1910 -1.0000 0.3090 -0.1910 -1.0000 0.3090 -0.1910 -1.0000 -0.3090 0.1910 -1.0000 -0.3090 1.0000 -0.3090 -0.1910 0.8090 -0.6180 -0.3090 0.6180 -0.3090 -0.8090 0.8090 0.0000 -0.6910 0.0000 0.6910 -0.8090 0.3090 0.8090 -0.6180 0.6180 0.3090 -0.8090 0.3090 0.1910 -1.0000 1.0000 0.3090 -0.1910 -0.3090 -0.8090 0.6180 0.0000 -0.6910 0.8090 0.8090 0.6180 -0.3090 0.6910 0.8090 0.0000 -0.6910 0.8090 0.0000 -0.8090 0.6180 0.3090 -0.3090 0.8090 0.6180 -0.1910 1.0000 0.3090 0.3090 -0.1910 -1.0000 0.1910 1.0000 0.3090 0.3090 0.8090 0.6180 -0.8090 -0.6180 0.3090 -0.6910 -0.8090 0.0000 0.0000 0.6910 0.8090 0.3090 -0.8090 -0.6180 0.0000 -0.6910 -0.8090 -1.0000 0.3090 0.1910 -0.8090 0.0000 0.6910 -0.6180 0.3090 0.8090 1.0000 -0.3090 0.1910 -0.3090 -0.8090 -0.6180 -1.0000 0.3090 -0.1910 -1.0000 -0.3090 -0.1910 -1.0000 -0.3090 0.1910 0.1910 1.0000 -0.3090 -0.8090 0.6180 -0.3090 -0.1910 1.0000 -0.3090 -0.3090 0.8090 -0.6180 -0.6180 -0.3090 0.8090 0.3090 0.1910 1.0000 -0.3090 0.1910 -1.0000 -0.3090 0.1910 1.0000 -0.3090 -0.1910 1.0000 0.3090 -0.1910 1.0000 0.6910 -0.8090 0.0000 -0.8090 0.0000 -0.6910 -0.6180 -0.3090 -0.8090 -0.3090 -0.1910 -1.0000 -0.6180 0.3090 -0.8090 -0.8090 -0.6180 -0.3090 </float_array>
                    <technique_common>
                        <accessor count="60" offset="0"
                            source="#shape0-positions-array" stride="3">
                            <param name="X" type="float"/>
                            <param name="Y" type="float"/>
                            <param name="Z" type="float"/>
                        </accessor>
                    </technique_common>
                </source>
                <source id="shape0-normals" name="normal">
                    <float_array count="186" id="shape0-normals-array">0.0000 -0.8507 -0.5257 0.5774 -0.5774 0.5774 0.0000 0.3568 0.9342 -0.8090 0.3090 0.5000 -0.9342 0.0000 -0.3568 -0.5000 -0.8090 -0.3090 -0.3090 -0.5000 0.8090 0.0000 0.8507 0.5257 0.8090 0.3090 0.5000 0.0000 1.0000 0.0000 -0.5257 0.0000 -0.8507 -0.3090 0.5000 0.8090 -0.5774 0.5774 -0.5774 0.0000 0.0000 -1.0000 -0.5774 -0.5774 -0.5774 -0.8090 -0.3090 0.5000 0.0000 -1.0000 0.0000 -1.0000 0.0000 0.0000 -0.5000 0.8090 -0.3090 0.5774 0.5774 0.5774 0.0000 0.8507 -0.5257 -0.3090 0.5000 -0.8090 -0.8507 0.5257 0.0000 0.9342 0.0000 -0.3568 0.9342 0.0000 0.3568 0.8090 -0.3090 0.5000 -0.3568 -0.9342 0.0000 0.8090 -0.3090 -0.5000 0.5774 0.5774 -0.5774 0.0000 -0.8507 0.5257 0.5774 -0.5774 -0.5774 -0.3090 -0.5000 -0.8090 0.5000 -0.8090 0.3090 0.3090 0.5000 -0.8090 0.8507 0.5257 0.0000 0.3568 -0.9342 0.0000 -0.8090 0.3090 -0.5000 1.0000 0.0000 0.0000 0.8090 0.3090 -0.5000 0.3090 -0.5000 0.8090 0.0000 0.0000 1.0000 -0.8507 -0.5257 0.0000 0.0000 0.3568 -0.9342 -0.8090 -0.3090 -0.5000 0.5000 0.8090 0.3090 -0.5774 0.5774 0.5774 0.5257 0.0000 -0.8507 -0.5000 -0.8090 0.3090 0.3568 0.9342 0.0000 -0.3568 0.9342 0.0000 -0.5257 0.0000 0.8507 -0.5774 -0.5774 0.5774 -0.5000 0.8090 0.3090 0.5000 0.8090 -0.3090 0.3090 -0.5000 -0.8090 0.5000 -0.8090 -0.3090 0.5257 0.0000 0.8507 -0.9342 0.0000 0.3568 0.3090 0.5000 0.8090 0.8507 -0.5257 0.0000 0.0000 -0.3568 -0.9342 0.0000 -0.3568 0.9342 </float_array>
                    <technique_common>
                        <accessor count="62" offset="0"
                            source="#shape0-normals-array" stride="3">
                            <param name="X" type="float"/>
                            <param name="Y" type="float"/>
                            <param name="Z" type="float"/>
                        </accessor>
                    </technique_common>
                </source>
                <vertices id="shape0-vertices">
                    <input semantic="POSITION" source="#shape0-positions"/>
                </vertices>
                <triangles count="116" material="shape0-material">
                    <input offset="0" semantic="VERTEX" source="#shape0-vertices"/>
                    <input offset="1" semantic="NORMAL" source="#shape0-normals"/>
                    <p>9 0 40 0 35 0 9 0 35 0 34 0 9 0 34 0 10 0 0 1 1 1 2 1 33 2 51 2 49 2 25 3 36 3 37 3 25 3 37 3 38 3 41 4 55 4 42 4 9 5 32 5 59 5 9 5 59 5 40 5 20 6 21 6 52 6 20 6 52 6 48 6 26 7 33 7 30 7 26 7 30 7 29 7 26 7 29 7 27 7 3 8 4 8 5 8 3 8 5 8 6 8 27 9 29 9 44 9 27 9 44 9 46 9 50 10 57 10 56 10 50 10 56 10 55 10 50 10 55 10 58 10 26 11 38 11 51 11 26 11 51 11 33 11 45 12 47 12 58 12 18 13 28 13 57 13 18 13 57 13 50 13 40 14 59 14 56 14 31 15 48 15 37 15 31 15 37 15 43 15 7 16 8 16 9 16 7 16 9 16 10 16 36 17 41 17 42 17 36 17 42 17 43 17 24 18 46 18 47 18 24 18 47 18 45 18 4 19 30 19 5 19 15 20 47 20 46 20 15 20 46 20 44 20 15 20 44 20 16 20 15 21 50 21 58 21 15 21 58 21 47 21 24 22 45 22 41 22 24 22 41 22 36 22 24 22 36 22 25 22 11 23 14 23 19 23 3 24 6 24 39 24 1 25 39 25 6 25 1 25 6 25 2 25 8 26 32 26 9 26 11 27 12 27 13 27 11 27 13 27 14 27 16 28 22 28 17 28 0 29 21 29 20 29 0 29 20 29 8 29 0 29 8 29 7 29 12 30 34 30 13 30 35 31 40 31 56 31 35 31 56 31 57 31 0 32 7 32 54 32 0 32 54 32 1 32 15 33 16 33 17 33 15 33 17 33 18 33 3 34 19 34 22 34 3 34 22 34 23 34 3 34 23 34 4 34 7 35 10 35 54 35 41 36 45 36 58 36 41 36 58 36 55 36 3 37 39 37 11 37 3 37 11 37 19 37 14 38 17 38 22 38 14 38 22 38 19 38 0 39 2 39 53 39 0 39 53 39 21 39 49 40 51 40 52 40 49 40 52 40 53 40 31 41 43 41 42 41 31 41 42 41 59 41 31 41 59 41 32 41 15 42 18 42 50 42 42 43 55 43 56 43 42 43 56 43 59 43 4 44 23 44 29 44 4 44 29 44 30 44 25 45 38 45 26 45 13 46 28 46 18 46 13 46 18 46 17 46 13 46 17 46 14 46 8 47 20 47 31 47 8 47 31 47 32 47 23 48 44 48 29 48 24 49 27 49 46 49 37 50 48 50 52 50 37 50 52 50 51 50 37 50 51 50 38 50 20 51 48 51 31 51 24 52 25 52 26 52 24 52 26 52 27 52 16 53 44 53 23 53 16 53 23 53 22 53 13 54 34 54 35 54 13 54 35 54 28 54 10 55 34 55 12 55 10 55 12 55 54 55 2 56 6 56 5 56 2 56 5 56 49 56 2 56 49 56 53 56 36 57 43 57 37 57 5 58 30 58 33 58 5 58 33 58 49 58 1 59 54 59 12 59 1 59 12 59 11 59 1 59 11 59 39 59 28 60 35 60 57 60 21 61 53 61 52 61 </p>
                </triangles>
            </mesh>
        </geometry>
        <geometry id="shape1-geom">
            <mesh>
                <source id="shape1-positions" name="position">
                    <float_array count="45" id="shape1-positions-array">4.0451 0.3820 -0.9271 5.0451 1.0000 -0.9271 4.2361 0.6910 -0.8090 2.0000 0.3090 -0.1910 1.0000 -0.3090 -0.1910 1.8090 0.0000 -0.3090 4.0451 1.0000 -1.3090 3.8541 0.6910 -1.4271 4.8541 1.3090 -1.4271 1.0000 0.3090 -0.1910 4.8541 0.6910 -1.4271 1.6180 0.3090 -0.8090 0.8090 0.0000 -0.6910 1.8090 0.6180 -0.6910 5.8541 1.0000 -1.6180 </float_array>
                    <technique_common>
                        <accessor count="15" offset="0"
                            source="#shape1-positions-array" stride="3">
                            <param name="X" type="float"/>
                            <param name="Y" type="float"/>
                            <param name="Z" type="float"/>
                        </accessor>
                    </technique_common>
                </source>
                <source id="shape1-normals" name="normal">
                    <float_array count="30" id="shape1-normals-array">0.0000 0.0000 1.0000 0.2185 -0.7906 -0.5721 -0.2185 0.7906 0.5721 0.0000 -0.8507 -0.5257 0.0000 0.8507 0.5257 -0.5000 0.8090 -0.3090 0.0000 0.0000 -1.0000 -0.3090 0.5000 -0.8090 0.5000 -0.8090 0.3090 0.3090 -0.5000 0.8090 </float_array>
                    <technique_common>
                        <accessor count="10" offset="0"
                            source="#shape1-normals-array" stride="3">
                            <param name="X" type="float"/>
                            <param name="Y" type="float"/>
                            <param name="Z" type="float"/>
                        </accessor>
                    </technique_common>
                </source>
                <vertices id="shape1-vertices">
                    <input semantic="POSITION" source="#shape1-positions"/>
                </vertices>
                <triangles count="22" material="shape1-material">
                    <input offset="0" semantic="VERTEX" source="#shape1-vertices"/>
                    <input offset="1" semantic="NORMAL" source="#shape1-normals"/>
                    <p>3 0 9 0 4 0 4 1 12 1 11 1 4 1 11 1 5 1 1 2 8 2 6 2 1 2 6 2 2 2 0 3 5 3 11 3 0 3 11 3 7 3 0 3 7 3 10 3 2 4 6 4 13 4 2 4 13 4 9 4 2 4 9 4 3 4 9 5 13 5 12 5 7 6 8 6 10 6 6 7 8 7 7 7 6 7 7 7 11 7 6 7 11 7 12 7 6 7 12 7 13 7 0 8 10 8 1 8 0 9 1 9 2 9 0 9 2 9 3 9 0 9 3 9 4 9 0 9 4 9 5 9 </p>
                </triangles>
            </mesh>
        </geometry>
        <geometry id="shape2-geom">
            <mesh>
                <source id="shape2-positions" name="position">
                    <float_array count="57" id="shape2-positions-array">5.1406 1.7725 -0.8680 6.1631 1.8090 -1.0000 5.1406 1.7725 -0.4861 4.9496 2.0816 -0.9861 4.9496 2.0816 -0.6041 0.8090 0.6180 0.3090 1.0000 0.3090 0.1910 1.9045 0.5365 -0.0139 5.8541 2.3090 -1.1910 6.0451 2.0000 -1.3090 6.0451 2.0000 -0.6910 5.8541 2.3090 -0.8090 1.7135 0.8455 -0.1320 0.6910 0.8090 0.0000 1.9045 0.5365 -0.3959 1.7135 0.8455 -0.5139 0.8090 0.6180 -0.3090 1.0000 0.3090 -0.1910 6.8541 2.6180 -1.0000 </float_array>
                    <technique_common>
                        <accessor count="19" offset="0"
                            source="#shape2-positions-array" stride="3">
                            <param name="X" type="float"/>
                            <param name="Y" type="float"/>
                            <param name="Z" type="float"/>
                        </accessor>
                    </technique_common>
                </source>
                <source id="shape2-normals" name="normal">
                    <float_array count="54" id="shape2-normals-array">0.0000 -0.3568 -0.9342 -0.3568 0.9342 0.0000 0.0356 -0.9994 0.0000 -0.0356 0.9994 0.0000 -0.0360 -0.8562 -0.5154 -0.2800 -0.4887 -0.8263 -0.3199 0.7464 -0.5835 0.2439 -0.9698 0.0000 0.3199 -0.7464 0.5835 0.2636 -0.1977 0.9441 -0.2636 0.1977 -0.9441 0.3568 -0.9342 0.0000 0.2800 0.4887 0.8263 0.0000 0.3568 0.9342 -0.2439 0.9698 0.0000 0.1024 0.4095 0.9065 0.0360 0.8562 0.5154 -0.1024 -0.4095 -0.9065 </float_array>
                    <technique_common>
                        <accessor count="18" offset="0"
                            source="#shape2-normals-array" stride="3">
                            <param name="X" type="float"/>
                            <param name="Y" type="float"/>
                            <param name="Z" type="float"/>
                        </accessor>
                    </technique_common>
                </source>
                <vertices id="shape2-vertices">
                    <input semantic="POSITION" source="#shape2-positions"/>
                </vertices>
                <triangles count="26" material="shape2-material">
                    <input offset="0" semantic="VERTEX" source="#shape2-vertices"/>
                    <input offset="1" semantic="NORMAL" source="#shape2-normals"/>
                    <p>0 0 14 0 15 0 0 0 15 0 3 0 3 1 15 1 12 1 3 1 12 1 4 1 0 2 1 2 2 2 12 3 15 3 13 3 0 4 9 4 1 4 0 5 3 5 9 5 13 6 15 6 16 6 6 7 17 7 14 7 6 7 14 7 7 7 1 8 10 8 2 8 5 9 6 9 7 9 3 10 8 10 9 10 0 11 2 11 7 11 0 11 7 11 14 11 5 12 7 12 12 12 2 13 4 13 12 13 2 13 12 13 7 13 3 14 4 14 11 14 3 14 11 14 8 14 2 15 10 15 11 15 2 15 11 15 4 15 5 16 12 16 13 16 14 17 17 17 16 17 14 17 16 17 15 17 </p>
                </triangles>
            </mesh>
        </geometry>
        <geometry id="shape3-geom">
            <mesh>
                <source id="shape3-positions" name="position">
                    <float_array count="63" id="shape3-positions-array">1.8090 1.2361 0.3090 3.4271 2.0000 0.3090 3.2361 2.3090 0.1910 0.8090 0.6180 -0.3090 0.6910 0.8090 0.0000 1.6910 1.4271 0.0000 1.8090 1.2361 -0.3090 4.4271 2.6180 0.3090 2.0000 0.9271 0.1910 2.0000 0.9271 -0.1910 3.5451 1.8090 0.0000 3.4271 2.0000 -0.3090 4.5451 2.4271 0.0000 1.0000 0.3090 0.1910 1.0000 0.3090 -0.1910 0.8090 0.6180 0.3090 4.2361 2.9271 0.1910 4.4271 2.6180 -0.3090 4.2361 2.9271 -0.1910 5.2361 3.2361 0.0000 3.2361 2.3090 -0.1910 </float_array>
                    <technique_common>
                        <accessor count="21" offset="0"
                            source="#shape3-positions-array" stride="3">
                            <param name="X" type="float"/>
                            <param name="Y" type="float"/>
                            <param name="Z" type="float"/>
                        </accessor>
                    </technique_common>
                </source>
                <source id="shape3-normals" name="normal">
                    <float_array count="60" id="shape3-normals-array">0.1625 -0.2629 -0.9511 -0.1625 0.2629 -0.9511 -0.1327 0.2810 0.9505 0.1625 -0.2629 0.9511 -0.1327 0.2810 -0.9505 -0.4547 0.6694 0.5874 0.1327 -0.2810 0.9505 0.5257 -0.8507 0.0000 -0.4253 0.6882 -0.5878 0.4253 -0.6882 -0.5878 0.4547 -0.6694 0.5874 -0.4253 0.6882 0.5878 -0.5257 0.8507 0.0000 -0.1625 0.2629 0.9511 0.1327 -0.2810 -0.9505 0.4957 -0.8685 0.0000 -0.4957 0.8685 0.0000 0.4547 -0.6694 -0.5874 0.4253 -0.6882 0.5878 -0.4547 0.6694 -0.5874 </float_array>
                    <technique_common>
                        <accessor count="20" offset="0"
                            source="#shape3-normals-array" stride="3">
                            <param name="X" type="float"/>
                            <param name="Y" type="float"/>
                            <param name="Z" type="float"/>
                        </accessor>
                    </technique_common>
                </source>
                <vertices id="shape3-vertices">
                    <input semantic="POSITION" source="#shape3-positions"/>
                </vertices>
                <triangles count="30" material="shape3-material">
                    <input offset="0" semantic="VERTEX" source="#shape3-vertices"/>
                    <input offset="1" semantic="NORMAL" source="#shape3-normals"/>
                    <p>3 0 6 0 9 0 3 0 9 0 14 0 11 1 20 1 18 1 11 1 18 1 17 1 0 2 1 2 2 2 0 3 15 3 13 3 0 3 13 3 8 3 6 4 20 4 11 4 0 5 2 5 5 5 0 6 8 6 1 6 8 7 13 7 14 7 8 7 14 7 9 7 3 8 4 8 5 8 3 8 5 8 6 8 10 9 11 9 17 9 10 9 17 9 12 9 1 10 8 10 10 10 0 11 5 11 4 11 0 11 4 11 15 11 2 12 16 12 18 12 2 12 18 12 20 12 1 13 7 13 16 13 1 13 16 13 2 13 6 14 11 14 9 14 8 15 9 15 10 15 2 16 20 16 5 16 9 17 11 17 10 17 1 18 10 18 12 18 1 18 12 18 7 18 5 19 20 19 6 19 </p>
                </triangles>
            </mesh>
        </geometry>
    </library_geometries>
    <library_nodes>
        <node id="node0">
            <instance_geometry url="#shape0-geom">
                <bind_material>
                    <technique_common>
                        <instance_material symbol="shape0-material" target="#color0"/>
                    </technique_common>
                </bind_material>
            </instance_geometry>
        </node>
        <node id="node1">
            <instance_geometry url="#shape1-geom">
                <bind_material>
                    <technique_common>
                        <instance_material symbol="shape1-material" target="#color1"/>
                    </technique_common>
                </bind_material>
            </instance_geometry>
        </node>
        <node id="node1-46">
            <matrix>0.0000 0.0000 -1.0000 0.0 1.0000 0.0000 0.0000 0.0 0.0000 -1.0000 0.0000 0.0 0.0 0.0 0.0 1.0</matrix>
            <instance_node url="#node1"/>
        </node>
        <node id="node1-1">
            <matrix>0.0000 0.0000 1.0000 0.0 1.0000 0.0000 0.0000 0.0 0.0000 1.0000 0.0000 0.0 0.0 0.0 0.0 1.0</matrix>
            <instance_node url="#node1"/>
        </node>
        <node id="node1-55">
            <matrix>-0.3090 0.5000 0.8090 0.0 0.5000 0.8090 -0.3090 0.0 -0.8090 0.3090 -0.5000 0.0 0.0 0.0 0.0 1.0</matrix>
            <instance_node url="#node1"/>
        </node>
        <node id="node1-10">
            <matrix>0.3090 -0.5000 -0.8090 0.0 0.5000 0.8090 -0.3090 0.0 0.8090 -0.3090 0.5000 0.0 0.0 0.0 0.0 1.0</matrix>
            <instance_node url="#node1"/>
        </node>
        <node id="node1-8">
            <matrix>0.8090 -0.3090 -0.5000 0.0 -0.3090 0.5000 -0.8090 0.0 0.5000 0.8090 0.3090 0.0 0.0 0.0 0.0 1.0</matrix>
            <instance_node url="#node1"/>
        </node>
        <node id="node1-34">
            <matrix>0.5000 -0.8090 -0.3090 0.0 -0.8090 -0.3090 -0.5000 0.0 0.3090 0.5000 -0.8090 0.0 0.0 0.0 0.0 1.0</matrix>
            <instance_node url="#node1"/>
        </node>
        <node id="node2">
            <instance_geometry url="#shape2-geom">
                <bind_material>
                    <technique_common>
                        <instance_material symbol="shape2-material" target="#color2"/>
                    </technique_common>
                </bind_material>
            </instance_geometry>
        </node>
        <node id="node2-25">
            <matrix>0.3090 -0.5000 -0.8090 0.0 -0.5000 -0.8090 0.3090 0.0 -0.8090 0.3090 -0.5000 0.0 0.0 0.0 0.0 1.0</matrix>
            <instance_node url="#node2"/>
        </node>
        <node id="node2-37">
            <matrix>0.3090 -0.5000 0.8090 0.0 -0.5000 -0.8090 -0.3090 0.0 0.8090 -0.3090 -0.5000 0.0 0.0 0.0 0.0 1.0</matrix>
            <instance_node url="#node2"/>
        </node>
        <node id="node1-6">
            <matrix>0.5000 0.8090 0.3090 0.0 0.8090 -0.3090 -0.5000 0.0 -0.3090 0.5000 -0.8090 0.0 0.0 0.0 0.0 1.0</matrix>
            <instance_node url="#node1"/>
        </node>
        <node id="node2-16">
            <matrix>0.0000 0.0000 1.0000 0.0 -1.0000 0.0000 0.0000 0.0 0.0000 -1.0000 0.0000 0.0 0.0 0.0 0.0 1.0</matrix>
            <instance_node url="#node2"/>
        </node>
        <node id="node1-24">
            <matrix>0.5000 0.8090 -0.3090 0.0 -0.8090 0.3090 -0.5000 0.0 -0.3090 0.5000 0.8090 0.0 0.0 0.0 0.0 1.0</matrix>
            <instance_node url="#node1"/>
        </node>
        <node id="node2-11">
            <matrix>0.8090 -0.3090 0.5000 0.0 0.3090 -0.5000 -0.8090 0.0 0.5000 0.8090 -0.3090 0.0 0.0 0.0 0.0 1.0</matrix>
            <instance_node url="#node2"/>
        </node>
        <node id="node2-6">
            <matrix>0.5000 0.8090 0.3090 0.0 0.8090 -0.3090 -0.5000 0.0 -0.3090 0.5000 -0.8090 0.0 0.0 0.0 0.0 1.0</matrix>
            <instance_node url="#node2"/>
        </node>
        <node id="node2-35">
            <matrix>-0.3090 -0.5000 0.8090 0.0 0.5000 -0.8090 -0.3090 0.0 0.8090 0.3090 0.5000 0.0 0.0 0.0 0.0 1.0</matrix>
            <instance_node url="#node2"/>
        </node>
        <node id="node1-37">
            <matrix>0.3090 -0.5000 0.8090 0.0 -0.5000 -0.8090 -0.3090 0.0 0.8090 -0.3090 -0.5000 0.0 0.0 0.0 0.0 1.0</matrix>
            <instance_node url="#node1"/>
        </node>
        <node id="node2-1">
            <matrix>0.0000 0.0000 1.0000 0.0 1.0000 0.0000 0.0000 0.0 0.0000 1.0000 0.0000 0.0 0.0 0.0 0.0 1.0</matrix>
            <instance_node url="#node2"/>
        </node>
        <node id="node3">
            <instance_geometry url="#shape3-geom">
                <bind_material>
                    <technique_common>
                        <instance_material symbol="shape3-material" target="#color3"/>
                    </technique_common>
                </bind_material>
            </instance_geometry>
        </node>
        <node id="node3-16">
            <matrix>0.0000 0.0000 1.0000 0.0 -1.0000 0.0000 0.0000 0.0 0.0000 -1.0000 0.0000 0.0 0.0 0.0 0.0 1.0</matrix>
            <instance_node url="#node3"/>
        </node>
        <node id="node3-17">
            <matrix>0.0000 1.0000 0.0000 0.0 0.0000 0.0000 -1.0000 0.0 -1.0000 0.0000 0.0000 0.0 0.0 0.0 0.0 1.0</matrix>
            <instance_node url="#node3"/>
        </node>
        <node id="node1-31">
            <matrix>0.0000 0.0000 -1.0000 0.0 -1.0000 0.0000 0.0000 0.0 0.0000 1.0000 0.0000 0.0 0.0 0.0 0.0 1.0</matrix>
            <instance_node url="#node1"/>
        </node>
        <node id="node2-42">
            <matrix>-0.8090 -0.3090 0.5000 0.0 -0.3090 -0.5000 -0.8090 0.0 0.5000 -0.8090 0.3090 0.0 0.0 0.0 0.0 1.0</matrix>
            <instance_node url="#node2"/>
        </node>
        <node id="node1-56">
            <matrix>-0.8090 0.3090 -0.5000 0.0 0.3090 -0.5000 -0.8090 0.0 -0.5000 -0.8090 0.3090 0.0 0.0 0.0 0.0 1.0</matrix>
            <instance_node url="#node1"/>
        </node>
        <node id="node2-4">
            <matrix>-0.5000 0.8090 0.3090 0.0 0.8090 0.3090 0.5000 0.0 0.3090 0.5000 -0.8090 0.0 0.0 0.0 0.0 1.0</matrix>
            <instance_node url="#node2"/>
        </node>
        <node id="node3-32">
            <matrix>0.0000 -1.0000 0.0000 0.0 0.0000 0.0000 -1.0000 0.0 1.0000 0.0000 0.0000 0.0 0.0 0.0 0.0 1.0</matrix>
            <instance_node url="#node3"/>
        </node>
        <node id="node2-50">
            <matrix>-0.3090 -0.5000 0.8090 0.0 -0.5000 0.8090 0.3090 0.0 -0.8090 -0.3090 -0.5000 0.0 0.0 0.0 0.0 1.0</matrix>
            <instance_node url="#node2"/>
        </node>
        <node id="node2-32">
            <matrix>0.0000 -1.0000 0.0000 0.0 0.0000 0.0000 -1.0000 0.0 1.0000 0.0000 0.0000 0.0 0.0 0.0 0.0 1.0</matrix>
            <instance_node url="#node2"/>
        </node>
        <node id="node1-15">
            <matrix>1.0000 0.0000 0.0000 0.0 0.0000 -1.0000 0.0000 0.0 0.0000 0.0000 -1.0000 0.0 0.0 0.0 0.0 1.0</matrix>
            <instance_node url="#node1"/>
        </node>
        <node id="node1-14">
            <matrix>0.3090 0.5000 0.8090 0.0 0.5000 -0.8090 0.3090 0.0 0.8090 0.3090 -0.5000 0.0 0.0 0.0 0.0 1.0</matrix>
            <instance_node url="#node1"/>
        </node>
        <node id="node2-56">
            <matrix>-0.8090 0.3090 -0.5000 0.0 0.3090 -0.5000 -0.8090 0.0 -0.5000 -0.8090 0.3090 0.0 0.0 0.0 0.0 1.0</matrix>
            <instance_node url="#node2"/>
        </node>
        <node id="node2-28">
            <matrix>0.5000 -0.8090 0.3090 0.0 -0.8090 -0.3090 0.5000 0.0 -0.3090 -0.5000 -0.8090 0.0 0.0 0.0 0.0 1.0</matrix>
            <instance_node url="#node2"/>
        </node>
        <node id="node2-40">
            <matrix>-0.3090 0.5000 0.8090 0.0 -0.5000 -0.8090 0.3090 0.0 0.8090 -0.3090 0.5000 0.0 0.0 0.0 0.0 1.0</matrix>
            <instance_node url="#node2"/>
        </node>
        <node id="node3-46">
            <matrix>0.0000 0.0000 -1.0000 0.0 1.0000 0.0000 0.0000 0.0 0.0000 -1.0000 0.0000 0.0 0.0 0.0 0.0 1.0</matrix>
            <instance_node url="#node3"/>
        </node>
        <node id="node3-15">
            <matrix>1.0000 0.0000 0.0000 0.0 0.0000 -1.0000 0.0000 0.0 0.0000 0.0000 -1.0000 0.0 0.0 0.0 0.0 1.0</matrix>
            <instance_node url="#node3"/>
        </node>
        <node id="node3-47">
            <matrix>0.0000 -1.0000 0.0000 0.0 0.0000 0.0000 1.0000 0.0 -1.0000 0.0000 0.0000 0.0 0.0 0.0 0.0 1.0</matrix>
            <instance_node url="#node3"/>
        </node>
        <node id="node3-1">
            <matrix>0.0000 0.0000 1.0000 0.0 1.0000 0.0000 0.0000 0.0 0.0000 1.0000 0.0000 0.0 0.0 0.0 0.0 1.0</matrix>
            <instance_node url="#node3"/>
        </node>
        <node id="node1-48">
            <matrix>-0.8090 -0.3090 -0.5000 0.0 0.3090 0.5000 -0.8090 0.0 0.5000 -0.8090 -0.3090 0.0 0.0 0.0 0.0 1.0</matrix>
            <instance_node url="#node1"/>
        </node>
        <node id="node2-47">
            <matrix>0.0000 -1.0000 0.0000 0.0 0.0000 0.0000 1.0000 0.0 -1.0000 0.0000 0.0000 0.0 0.0 0.0 0.0 1.0</matrix>
            <instance_node url="#node2"/>
        </node>
        <node id="node1-25">
            <matrix>0.3090 -0.5000 -0.8090 0.0 -0.5000 -0.8090 0.3090 0.0 -0.8090 0.3090 -0.5000 0.0 0.0 0.0 0.0 1.0</matrix>
            <instance_node url="#node1"/>
        </node>
        <node id="node2-21">
            <matrix>0.5000 0.8090 0.3090 0.0 -0.8090 0.3090 0.5000 0.0 0.3090 -0.5000 0.8090 0.0 0.0 0.0 0.0 1.0</matrix>
            <instance_node url="#node2"/>
        </node>
        <node id="node1-26">
            <matrix>0.8090 -0.3090 0.5000 0.0 -0.3090 0.5000 0.8090 0.0 -0.5000 -0.8090 0.3090 0.0 0.0 0.0 0.0 1.0</matrix>
            <instance_node url="#node1"/>
        </node>
        <node id="node1-18">
            <matrix>0.8090 0.3090 0.5000 0.0 -0.3090 -0.5000 0.8090 0.0 0.5000 -0.8090 -0.3090 0.0 0.0 0.0 0.0 1.0</matrix>
            <instance_node url="#node1"/>
        </node>
        <node id="node2-13">
            <matrix>0.5000 -0.8090 0.3090 0.0 0.8090 0.3090 -0.5000 0.0 0.3090 0.5000 0.8090 0.0 0.0 0.0 0.0 1.0</matrix>
            <instance_node url="#node2"/>
        </node>
        <node id="node1-33">
            <matrix>-0.8090 -0.3090 -0.5000 0.0 -0.3090 -0.5000 0.8090 0.0 -0.5000 0.8090 0.3090 0.0 0.0 0.0 0.0 1.0</matrix>
            <instance_node url="#node1"/>
        </node>
        <node id="node1-19">
            <matrix>-0.5000 0.8090 0.3090 0.0 -0.8090 -0.3090 -0.5000 0.0 -0.3090 -0.5000 0.8090 0.0 0.0 0.0 0.0 1.0</matrix>
            <instance_node url="#node1"/>
        </node>
        <node id="node1-23">
            <matrix>0.8090 -0.3090 -0.5000 0.0 0.3090 -0.5000 0.8090 0.0 -0.5000 -0.8090 -0.3090 0.0 0.0 0.0 0.0 1.0</matrix>
            <instance_node url="#node1"/>
        </node>
        <node id="node3-2">
            <matrix>0.0000 1.0000 0.0000 0.0 0.0000 0.0000 1.0000 0.0 1.0000 0.0000 0.0000 0.0 0.0 0.0 0.0 1.0</matrix>
            <instance_node url="#node3"/>
        </node>
        <node id="node2-22">
            <matrix>-0.3090 0.5000 -0.8090 0.0 -0.5000 -0.8090 -0.3090 0.0 -0.8090 0.3090 0.5000 0.0 0.0 0.0 0.0 1.0</matrix>
            <instance_node url="#node2"/>
        </node>
        <node id="node1-54">
            <matrix>-0.5000 -0.8090 0.3090 0.0 0.8090 -0.3090 0.5000 0.0 -0.3090 0.5000 0.8090 0.0 0.0 0.0 0.0 1.0</matrix>
            <instance_node url="#node1"/>
        </node>
        <node id="node2-45">
            <matrix>-1.0000 0.0000 0.0000 0.0 0.0000 1.0000 0.0000 0.0 0.0000 0.0000 -1.0000 0.0 0.0 0.0 0.0 1.0</matrix>
            <instance_node url="#node2"/>
        </node>
        <node id="node2-46">
            <matrix>0.0000 0.0000 -1.0000 0.0 1.0000 0.0000 0.0000 0.0 0.0000 -1.0000 0.0000 0.0 0.0 0.0 0.0 1.0</matrix>
            <instance_node url="#node2"/>
        </node>
        <node id="node1-59">
            <matrix>-0.3090 -0.5000 -0.8090 0.0 0.5000 -0.8090 0.3090 0.0 -0.8090 -0.3090 0.5000 0.0 0.0 0.0 0.0 1.0</matrix>
            <instance_node url="#node1"/>
        </node>
        <node id="node1-35">
            <matrix>-0.3090 -0.5000 0.8090 0.0 0.5000 -0.8090 -0.3090 0.0 0.8090 0.3090 0.5000 0.0 0.0 0.0 0.0 1.0</matrix>
            <instance_node url="#node1"/>
        </node>
        <node id="node2-43">
            <matrix>-0.5000 0.8090 -0.3090 0.0 -0.8090 -0.3090 0.5000 0.0 0.3090 0.5000 0.8090 0.0 0.0 0.0 0.0 1.0</matrix>
            <instance_node url="#node2"/>
        </node>
        <node id="node2-34">
            <matrix>0.5000 -0.8090 -0.3090 0.0 -0.8090 -0.3090 -0.5000 0.0 0.3090 0.5000 -0.8090 0.0 0.0 0.0 0.0 1.0</matrix>
            <instance_node url="#node2"/>
        </node>
        <node id="node1-49">
            <matrix>0.5000 -0.8090 -0.3090 0.0 0.8090 0.3090 0.5000 0.0 -0.3090 -0.5000 0.8090 0.0 0.0 0.0 0.0 1.0</matrix>
            <instance_node url="#node1"/>
        </node>
        <node id="node2-55">
            <matrix>-0.3090 0.5000 0.8090 0.0 0.5000 0.8090 -0.3090 0.0 -0.8090 0.3090 -0.5000 0.0 0.0 0.0 0.0 1.0</matrix>
            <instance_node url="#node2"/>
        </node>
        <node id="node1-16">
            <matrix>0.0000 0.0000 1.0000 0.0 -1.0000 0.0000 0.0000 0.0 0.0000 -1.0000 0.0000 0.0 0.0 0.0 0.0 1.0</matrix>
            <instance_node url="#node1"/>
        </node>
        <node id="node2-12">
            <matrix>0.8090 0.3090 -0.5000 0.0 0.3090 0.5000 0.8090 0.0 0.5000 -0.8090 0.3090 0.0 0.0 0.0 0.0 1.0</matrix>
            <instance_node url="#node2"/>
        </node>
        <node id="node2-30">
            <matrix>-1.0000 0.0000 0.0000 0.0 0.0000 -1.0000 0.0000 0.0 0.0000 0.0000 1.0000 0.0 0.0 0.0 0.0 1.0</matrix>
            <instance_node url="#node2"/>
        </node>
        <node id="node1-38">
            <matrix>-0.8090 0.3090 0.5000 0.0 0.3090 -0.5000 0.8090 0.0 0.5000 0.8090 0.3090 0.0 0.0 0.0 0.0 1.0</matrix>
            <instance_node url="#node1"/>
        </node>
        <node id="node3-31">
            <matrix>0.0000 0.0000 -1.0000 0.0 -1.0000 0.0000 0.0000 0.0 0.0000 1.0000 0.0000 0.0 0.0 0.0 0.0 1.0</matrix>
            <instance_node url="#node3"/>
        </node>
        <node id="node1-52">
            <matrix>0.3090 -0.5000 0.8090 0.0 0.5000 0.8090 0.3090 0.0 -0.8090 0.3090 0.5000 0.0 0.0 0.0 0.0 1.0</matrix>
            <instance_node url="#node1"/>
        </node>
        <node id="node3-0">
            <matrix>1.0000 0.0000 0.0000 0.0 0.0000 1.0000 0.0000 0.0 0.0000 0.0000 1.0000 0.0 0.0 0.0 0.0 1.0</matrix>
            <instance_node url="#node3"/>
        </node>
        <node id="node2-8">
            <matrix>0.8090 -0.3090 -0.5000 0.0 -0.3090 0.5000 -0.8090 0.0 0.5000 0.8090 0.3090 0.0 0.0 0.0 0.0 1.0</matrix>
            <instance_node url="#node2"/>
        </node>
        <node id="node1-9">
            <matrix>0.5000 0.8090 -0.3090 0.0 0.8090 -0.3090 0.5000 0.0 0.3090 -0.5000 -0.8090 0.0 0.0 0.0 0.0 1.0</matrix>
            <instance_node url="#node1"/>
        </node>
        <node id="node1-51">
            <matrix>-0.5000 -0.8090 -0.3090 0.0 0.8090 -0.3090 -0.5000 0.0 0.3090 -0.5000 0.8090 0.0 0.0 0.0 0.0 1.0</matrix>
            <instance_node url="#node1"/>
        </node>
        <node id="node2-52">
            <matrix>0.3090 -0.5000 0.8090 0.0 0.5000 0.8090 0.3090 0.0 -0.8090 0.3090 0.5000 0.0 0.0 0.0 0.0 1.0</matrix>
            <instance_node url="#node2"/>
        </node>
        <node id="node1-3">
            <matrix>0.8090 0.3090 0.5000 0.0 0.3090 0.5000 -0.8090 0.0 -0.5000 0.8090 0.3090 0.0 0.0 0.0 0.0 1.0</matrix>
            <instance_node url="#node1"/>
        </node>
        <node id="node1-36">
            <matrix>-0.5000 -0.8090 -0.3090 0.0 -0.8090 0.3090 0.5000 0.0 -0.3090 0.5000 -0.8090 0.0 0.0 0.0 0.0 1.0</matrix>
            <instance_node url="#node1"/>
        </node>
        <node id="node1-12">
            <matrix>0.8090 0.3090 -0.5000 0.0 0.3090 0.5000 0.8090 0.0 0.5000 -0.8090 0.3090 0.0 0.0 0.0 0.0 1.0</matrix>
            <instance_node url="#node1"/>
        </node>
        <node id="node2-2">
            <matrix>0.0000 1.0000 0.0000 0.0 0.0000 0.0000 1.0000 0.0 1.0000 0.0000 0.0000 0.0 0.0 0.0 0.0 1.0</matrix>
            <instance_node url="#node2"/>
        </node>
        <node id="node2-14">
            <matrix>0.3090 0.5000 0.8090 0.0 0.5000 -0.8090 0.3090 0.0 0.8090 0.3090 -0.5000 0.0 0.0 0.0 0.0 1.0</matrix>
            <instance_node url="#node2"/>
        </node>
        <node id="node1-43">
            <matrix>-0.5000 0.8090 -0.3090 0.0 -0.8090 -0.3090 0.5000 0.0 0.3090 0.5000 0.8090 0.0 0.0 0.0 0.0 1.0</matrix>
            <instance_node url="#node1"/>
        </node>
        <node id="node2-19">
