{
  "field" : "golden",
  "symmetry" : "icosahedral",
  "orientations" : [ [ 1.0, 0.0, 0.0, 0.0, 0.0, 1.0, 0.0, 0.0, 0.0, 0.0, 1.0, 0.0, 0.0, 0.0, 0.0, 1.0 ], [ 0.0, 0.0, 1.0, 0.0, 1.0, 0.0, 0.0, 0.0, 0.0, 1.0, 0.0, 0.0, 0.0, 0.0, 0.0, 1.0 ], [ 0.0, 1.0, 0.0, 0.0, 0.0, 0.0, 1.0, 0.0, 1.0, 0.0, 0.0, 0.0, 0.0, 0.0, 0.0, 1.0 ], [ 0.809017, 0.309017, 0.5, 0.0, 0.309017, 0.5, -0.809017, 0.0, -0.5, 0.809017, 0.309017, 0.0, 0.0, 0.0, 0.0, 1.0 ], [ -0.5, 0.809017, 0.309017, 0.0, 0.809017, 0.309017, 0.5, 0.0, 0.309017, 0.5, -0.809017, 0.0, 0.0, 0.0, 0.0, 1.0 ], [ 0.309017, 0.5, -0.809017, 0.0, -0.5, 0.809017, 0.309017, 0.0, 0.809017, 0.309017, 0.5, 0.0, 0.0, 0.0, 0.0, 1.0 ], [ 0.5, 0.809017, 0.309017, 0.0, 0.809017, -0.309017, -0.5, 0.0, -0.309017, 0.5, -0.809017, 0.0, 0.0, 0.0, 0.0, 1.0 ], [ -0.309017, 0.5, -0.809017, 0.0, 0.5, 0.809017, 0.309017, 0.0, 0.809017, -0.309017, -0.5, 0.0, 0.0, 0.0, 0.0, 1.0 ], [ 0.809017, -0.309017, -0.5, 0.0, -0.309017, 0.5, -0.809017, 0.0, 0.5, 0.809017, 0.309017, 0.0, 0.0, 0.0, 0.0, 1.0 ], [ 0.5, 0.809017, -0.309017, 0.0, 0.809017, -0.309017, 0.5, 0.0, 0.309017, -0.5, -0.809017, 0.0, 0.0, 0.0, 0.0, 1.0 ], [ 0.309017, -0.5, -0.809017, 0.0, 0.5, 0.809017, -0.309017, 0.0, 0.809017, -0.309017, 0.5, 0.0, 0.0, 0.0, 0.0, 1.0 ], [ 0.809017, -0.309017, 0.5, 0.0, 0.309017, -0.5, -0.809017, 0.0, 0.5, 0.809017, -0.309017, 0.0, 0.0, 0.0, 0.0, 1.0 ], [ 0.809017, 0.309017, -0.5, 0.0, 0.309017, 0.5, 0.809017, 0.0, 0.5, -0.809017, 0.309017, 0.0, 0.0, 0.0, 0.0, 1.0 ], [ 0.5, -0.809017, 0.309017, 0.0, 0.809017, 0.309017, -0.5, 0.0, 0.309017, 0.5, 0.809017, 0.0, 0.0, 0.0, 0.0, 1.0 ], [ 0.309017, 0.5, 0.809017, 0.0, 0.5, -0.809017, 0.309017, 0.0, 0.809017, 0.309017, -0.5, 0.0, 0.0, 0.0, 0.0, 1.0 ], [ 1.0, 0.0, 0.0, 0.0, 0.0, -1.0, 0.0, 0.0, 0.0, 0.0, -1.0, 0.0, 0.0, 0.0, 0.0, 1.0 ], [ 0.0, 0.0, 1.0, 0.0, -1.0, 0.0, 0.0, 0.0, 0.0, -1.0, 0.0, 0.0, 0.0, 0.0, 0.0, 1.0 ], [ 0.0, 1.0, 0.0, 0.0, 0.0, 0.0, -1.0, 0.0, -1.0, 0.0, 0.0, 0.0, 0.0, 0.0, 0.0, 1.0 ], [ 0.809017, 0.309017, 0.5, 0.0, -0.309017, -0.5, 0.809017, 0.0, 0.5, -0.809017, -0.309017, 0.0, 0.0, 0.0, 0.0, 1.0 ], [ -0.5, 0.809017, 0.309017, 0.0, -0.809017, -0.309017, -0.5, 0.0, -0.309017, -0.5, 0.809017, 0.0, 0.0, 0.0, 0.0, 1.0 ], [ 0.309017, 0.5, -0.809017, 0.0, 0.5, -0.809017, -0.309017, 0.0, -0.809017, -0.309017, -0.5, 0.0, 0.0, 0.0, 0.0, 1.0 ], [ 0.5, 0.809017, 0.309017, 0.0, -0.809017, 0.309017, 0.5, 0.0, 0.309017, -0.5, 0.809017, 0.0, 0.0, 0.0, 0.0, 1.0 ], [ -0.309017, 0.5, -0.809017, 0.0, -0.5, -0.809017, -0.309017, 0.0, -0.809017, 0.309017, 0.5, 0.0, 0.0, 0.0, 0.0, 1.0 ], [ 0.809017, -0.309017, -0.5, 0.0, 0.309017, -0.5, 0.809017, 0.0, -0.5, -0.809017, -0.309017, 0.0, 0.0, 0.0, 0.0, 1.0 ], [ 0.5, 0.809017, -0.309017, 0.0, -0.809017, 0.309017, -0.5, 0.0, -0.309017, 0.5, 0.809017, 0.0, 0.0, 0.0, 0.0, 1.0 ], [ 0.309017, -0.5, -0.809017, 0.0, -0.5, -0.809017, 0.309017, 0.0, -0.809017, 0.309017, -0.5, 0.0, 0.0, 0.0, 0.0, 1.0 ], [ 0.809017, -0.309017, 0.5, 0.0, -0.309017, 0.5, 0.809017, 0.0, -0.5, -0.809017, 0.309017, 0.0, 0.0, 0.0, 0.0, 1.0 ], [ 0.809017, 0.309017, -0.5, 0.0, -0.309017, -0.5, -0.809017, 0.0, -0.5, 0.809017, -0.309017, 0.0, 0.0, 0.0, 0.0, 1.0 ], [ 0.5, -0.809017, 0.309017, 0.0, -0.809017, -0.309017, 0.5, 0.0, -0.309017, -0.5, -0.809017, 0.0, 0.0, 0.0, 0.0, 1.0 ], [ 0.309017, 0.5, 0.809017, 0.0, -0.5, 0.809017, -0.309017, 0.0, -0.809017, -0.309017, 0.5, 0.0, 0.0, 0.0, 0.0, 1.0 ], [ -1.0, 0.0, 0.0, 0.0, 0.0, -1.0, 0.0, 0.0, 0.0, 0.0, 1.0, 0.0, 0.0, 0.0, 0.0, 1.0 ], [ 0.0, 0.0, -1.0, 0.0, -1.0, 0.0, 0.0, 0.0, 0.0, 1.0, 0.0, 0.0, 0.0, 0.0, 0.0, 1.0 ], [ 0.0, -1.0, 0.0, 0.0, 0.0, 0.0, -1.0, 0.0, 1.0, 0.0, 0.0, 0.0, 0.0, 0.0, 0.0, 1.0 ], [ -0.809017, -0.309017, -0.5, 0.0, -0.309017, -0.5, 0.809017, 0.0, -0.5, 0.809017, 0.309017, 0.0, 0.0, 0.0, 0.0, 1.0 ], [ 0.5, -0.809017, -0.309017, 0.0, -0.809017, -0.309017, -0.5, 0.0, 0.309017, 0.5, -0.809017, 0.0, 0.0, 0.0, 0.0, 1.0 ], [ -0.309017, -0.5, 0.809017, 0.0, 0.5, -0.809017, -0.309017, 0.0, 0.809017, 0.309017, 0.5, 0.0, 0.0, 0.0, 0.0, 1.0 ], [ -0.5, -0.809017, -0.309017, 0.0, -0.809017, 0.309017, 0.5, 0.0, -0.309017, 0.5, -0.809017, 0.0, 0.0, 0.0, 0.0, 1.0 ], [ 0.309017, -0.5, 0.809017, 0.0, -0.5, -0.809017, -0.309017, 0.0, 0.809017, -0.309017, -0.5, 0.0, 0.0, 0.0, 0.0, 1.0 ], [ -0.809017, 0.309017, 0.5, 0.0, 0.309017, -0.5, 0.809017, 0.0, 0.5, 0.809017, 0.309017, 0.0, 0.0, 0.0, 0.0, 1.0 ], [ -0.5, -0.809017, 0.309017, 0.0, -0.809017, 0.309017, -0.5, 0.0, 0.309017, -0.5, -0.809017, 0.0, 0.0, 0.0, 0.0, 1.0 ], [ -0.309017, 0.5, 0.809017, 0.0, -0.5, -0.809017, 0.309017, 0.0, 0.809017, -0.309017, 0.5, 0.0, 0.0, 0.0, 0.0, 1.0 ], [ -0.809017, 0.309017, -0.5, 0.0, -0.309017, 0.5, 0.809017, 0.0, 0.5, 0.809017, -0.309017, 0.0, 0.0, 0.0, 0.0, 1.0 ], [ -0.809017, -0.309017, 0.5, 0.0, -0.309017, -0.5, -0.809017, 0.0, 0.5, -0.809017, 0.309017, 0.0, 0.0, 0.0, 0.0, 1.0 ], [ -0.5, 0.809017, -0.309017, 0.0, -0.809017, -0.309017, 0.5, 0.0, 0.309017, 0.5, 0.809017, 0.0, 0.0, 0.0, 0.0, 1.0 ], [ -0.309017, -0.5, -0.809017, 0.0, -0.5, 0.809017, -0.309017, 0.0, 0.809017, 0.309017, -0.5, 0.0, 0.0, 0.0, 0.0, 1.0 ], [ -1.0, 0.0, 0.0, 0.0, 0.0, 1.0, 0.0, 0.0, 0.0, 0.0, -1.0, 0.0, 0.0, 0.0, 0.0, 1.0 ], [ 0.0, 0.0, -1.0, 0.0, 1.0, 0.0, 0.0, 0.0, 0.0, -1.0, 0.0, 0.0, 0.0, 0.0, 0.0, 1.0 ], [ 0.0, -1.0, 0.0, 0.0, 0.0, 0.0, 1.0, 0.0, -1.0, 0.0, 0.0, 0.0, 0.0, 0.0, 0.0, 1.0 ], [ -0.809017, -0.309017, -0.5, 0.0, 0.309017, 0.5, -0.809017, 0.0, 0.5, -0.809017, -0.309017, 0.0, 0.0, 0.0, 0.0, 1.0 ], [ 0.5, -0.809017, -0.309017, 0.0, 0.809017, 0.309017, 0.5, 0.0, -0.309017, -0.5, 0.809017, 0.0, 0.0, 0.0, 0.0, 1.0 ], [ -0.309017, -0.5, 0.809017, 0.0, -0.5, 0.809017, 0.309017, 0.0, -0.809017, -0.309017, -0.5, 0.0, 0.0, 0.0, 0.0, 1.0 ], [ -0.5, -0.809017, -0.309017, 0.0, 0.809017, -0.309017, -0.5, 0.0, 0.309017, -0.5, 0.809017, 0.0, 0.0, 0.0, 0.0, 1.0 ], [ 0.309017, -0.5, 0.809017, 0.0, 0.5, 0.809017, 0.309017, 0.0, -0.809017, 0.309017, 0.5, 0.0, 0.0, 0.0, 0.0, 1.0 ], [ -0.809017, 0.309017, 0.5, 0.0, -0.309017, 0.5, -0.809017, 0.0, -0.5, -0.809017, -0.309017, 0.0, 0.0, 0.0, 0.0, 1.0 ], [ -0.5, -0.809017, 0.309017, 0.0, 0.809017, -0.309017, 0.5, 0.0, -0.309017, 0.5, 0.809017, 0.0, 0.0, 0.0, 0.0, 1.0 ], [ -0.309017, 0.5, 0.809017, 0.0, 0.5, 0.809017, -0.309017, 0.0, -0.809017, 0.309017, -0.5, 0.0, 0.0, 0.0, 0.0, 1.0 ], [ -0.809017, 0.309017, -0.5, 0.0, 0.309017, -0.5, -0.809017, 0.0, -0.5, -0.809017, 0.309017, 0.0, 0.0, 0.0, 0.0, 1.0 ], [ -0.809017, -0.309017, 0.5, 0.0, 0.309017, 0.5, 0.809017, 0.0, -0.5, 0.809017, -0.309017, 0.0, 0.0, 0.0, 0.0, 1.0 ], [ -0.5, 0.809017, -0.309017, 0.0, 0.809017, 0.309017, -0.5, 0.0, -0.309017, -0.5, -0.809017, 0.0, 0.0, 0.0, 0.0, 1.0 ], [ -0.309017, -0.5, -0.809017, 0.0, 0.5, -0.809017, 0.309017, 0.0, -0.809017, -0.309017, 0.5, 0.0, 0.0, 0.0, 0.0, 1.0 ] ],
  "lights" : {
    "directionalLights" : [ {
      "direction" : [ 1.0, -1.0, -1.0 ],
      "color" : "#EBEBE4"
    }, {
      "direction" : [ -1.0, 0.0, 0.0 ],
      "color" : "#E4E4EB"
    }, {
      "direction" : [ 0.0, 0.0, -1.0 ],
      "color" : "#1E1E1E"
    } ],
    "ambientColor" : "#292929",
    "backgroundColor" : "#AFC8DC"
  },
  "camera" : {
    "position" : {
      "x" : 127.56168,
      "y" : -526.9355,
      "z" : 372.4914
    },
    "perspective" : true,
    "viewDistance" : 657.7858,
    "nearClipDistance" : 1.6444643,
    "farClipDistance" : 1315.5703,
    "lookAtPoint" : {
      "x" : 0.0,
      "y" : 0.0,
      "z" : 0.0
    },
    "fieldOfView" : 0.44262883,
    "lookDirection" : {
      "x" : -0.19392586,
      "y" : 0.8010745,
      "z" : -0.56628066
    },
    "upDirection" : {
      "x" : -0.037141357,
      "y" : 0.57083076,
      "z" : 0.82023215
    },
    "stereo" : false,
    "width" : 296.00357
  },
  "embedding" : [ 1.0, 0.0, 0.0, 0.0, 0.0, 1.0, 0.0, 0.0, 0.0, 0.0, 1.0, 0.0, 0.0, 0.0, 0.0, 1.0 ],
  "shapes" : [ {
    "id" : "afcfa175-9ed1-415f-ab4c-8866b75b464b",
    "vertices" : [ {
      "x" : 37.69756,
      "y" : 14.399187,
      "z" : -5.5
    }, {
      "x" : 37.315594,
      "y" : 13.944272,
      "z" : -5.309017
    }, {
      "x" : 37.152477,
      "y" : 14.208204,
      "z" : -5.736068
    }, {
      "x" : 37.079525,
      "y" : 14.472136,
      "z" : -5.545085
    }, {
      "x" : 0.85410196,
      "y" : 0.309017,
      "z" : 0.19098301
    }, {
      "x" : 0.690983,
      "y" : 0.572949,
      "z" : -0.23606798
    }, {
      "x" : 0.309017,
      "y" : 0.11803399,
      "z" : -0.045084972
    }, {
      "x" : 0.76393205,
      "y" : 0.309017,
      "z" : -0.42705098
    }, {
      "x" : 0.927051,
      "y" : 0.045084972,
      "z" : 0.0
    }, {
      "x" : 37.242645,
      "y" : 14.208204,
      "z" : -5.118034
    }, {
      "x" : 38.006577,
      "y" : 14.5172205,
      "z" : -5.545085
    } ],
    "faces" : [ {
      "vertices" : [ 2, 7, 5 ]
    }, {
      "vertices" : [ 2, 5, 3 ]
    }, {
      "vertices" : [ 1, 8, 7 ]
    }, {
      "vertices" : [ 1, 7, 2 ]
    }, {
      "vertices" : [ 4, 6, 8 ]
    }, {
      "vertices" : [ 5, 7, 6 ]
    }, {
      "vertices" : [ 0, 1, 2 ]
    }, {
      "vertices" : [ 0, 2, 3 ]
    }, {
      "vertices" : [ 6, 7, 8 ]
    }, {
      "vertices" : [ 3, 5, 4 ]
    }, {
      "vertices" : [ 3, 4, 9 ]
    }, {
      "vertices" : [ 1, 9, 4 ]
    }, {
      "vertices" : [ 1, 4, 8 ]
    }, {
      "vertices" : [ 0, 9, 1 ]
    }, {
      "vertices" : [ 0, 3, 9 ]
    }, {
      "vertices" : [ 4, 5, 6 ]
    } ]
  }, {
    "id" : "15d809d7-da47-4c9b-bc4b-170fc83e9637",
    "vertices" : [ {
      "x" : 14.208204,
      "y" : 5.427051,
      "z" : -2.072949
    }, {
      "x" : 13.826238,
      "y" : 4.972136,
      "z" : -1.881966
    }, {
      "x" : 13.663119,
      "y" : 5.236068,
      "z" : -2.309017
    }, {
      "x" : 13.59017,
      "y" : 5.5,
      "z" : -2.118034
    }, {
      "x" : 0.85410196,
      "y" : 0.309017,
      "z" : 0.19098301
    }, {
      "x" : 0.690983,
      "y" : 0.572949,
      "z" : -0.23606798
    }, {
      "x" : 0.309017,
      "y" : 0.11803399,
      "z" : -0.045084972
    }, {
      "x" : 0.76393205,
      "y" : 0.309017,
      "z" : -0.42705098
    }, {
      "x" : 0.927051,
      "y" : 0.045084972,
      "z" : 0.0
    }, {
      "x" : 13.753289,
      "y" : 5.236068,
      "z" : -1.690983
    }, {
      "x" : 14.5172205,
      "y" : 5.545085,
      "z" : -2.118034
    } ],
    "faces" : [ {
      "vertices" : [ 2, 7, 5 ]
    }, {
      "vertices" : [ 2, 5, 3 ]
    }, {
      "vertices" : [ 1, 8, 7 ]
    }, {
      "vertices" : [ 1, 7, 2 ]
    }, {
      "vertices" : [ 4, 6, 8 ]
    }, {
      "vertices" : [ 5, 7, 6 ]
    }, {
      "vertices" : [ 0, 1, 2 ]
    }, {
      "vertices" : [ 0, 2, 3 ]
    }, {
      "vertices" : [ 6, 7, 8 ]
    }, {
      "vertices" : [ 3, 5, 4 ]
    }, {
      "vertices" : [ 3, 4, 9 ]
    }, {
      "vertices" : [ 1, 9, 4 ]
    }, {
      "vertices" : [ 1, 4, 8 ]
    }, {
      "vertices" : [ 0, 9, 1 ]
    }, {
      "vertices" : [ 0, 3, 9 ]
    }, {
      "vertices" : [ 4, 5, 6 ]
    } ]
  }, {
    "id" : "35abb802-628e-4dfc-b33f-7984b490ac68",
    "vertices" : [ {
      "x" : 12.67558,
      "y" : 4.841641,
      "z" : -1.8493422
    }, {
      "x" : 12.293614,
      "y" : 4.386726,
      "z" : -1.6583592
    }, {
      "x" : 12.130495,
      "y" : 4.6506577,
      "z" : -2.08541
    }, {
      "x" : 12.057547,
      "y" : 4.91459,
      "z" : -1.8944272
    }, {
      "x" : 0.85410196,
      "y" : 0.309017,
      "z" : 0.19098301
    }, {
      "x" : 0.690983,
      "y" : 0.572949,
      "z" : -0.23606798
    }, {
      "x" : 0.309017,
      "y" : 0.11803399,
      "z" : -0.045084972
    }, {
      "x" : 0.76393205,
      "y" : 0.309017,
      "z" : -0.42705098
    }, {
      "x" : 0.927051,
      "y" : 0.045084972,
      "z" : 0.0
    }, {
      "x" : 12.220665,
      "y" : 4.6506577,
      "z" : -1.4673762
    }, {
      "x" : 12.984597,
      "y" : 4.959675,
      "z" : -1.8944272
    } ],
    "faces" : [ {
      "vertices" : [ 2, 7, 5 ]
    }, {
      "vertices" : [ 2, 5, 3 ]
    }, {
      "vertices" : [ 1, 8, 7 ]
    }, {
      "vertices" : [ 1, 7, 2 ]
    }, {
      "vertices" : [ 4, 6, 8 ]
    }, {
      "vertices" : [ 5, 7, 6 ]
    }, {
      "vertices" : [ 0, 1, 2 ]
    }, {
      "vertices" : [ 0, 2, 3 ]
    }, {
      "vertices" : [ 6, 7, 8 ]
    }, {
      "vertices" : [ 3, 5, 4 ]
    }, {
      "vertices" : [ 3, 4, 9 ]
    }, {
      "vertices" : [ 1, 9, 4 ]
    }, {
      "vertices" : [ 1, 4, 8 ]
    }, {
      "vertices" : [ 0, 9, 1 ]
    }, {
      "vertices" : [ 0, 3, 9 ]
    }, {
      "vertices" : [ 4, 5, 6 ]
    } ]
  }, {
    "id" : "0a0f0d78-a8de-4b4a-b969-590ab1b65da2",
    "vertices" : [ {
      "x" : 10.195743,
      "y" : 3.8944273,
      "z" : -1.4875388
    }, {
      "x" : 9.813777,
      "y" : 3.4395123,
      "z" : -1.2965558
    }, {
      "x" : 9.650658,
      "y" : 3.7034442,
      "z" : -1.7236068
    }, {
      "x" : 9.577709,
      "y" : 3.9673762,
      "z" : -1.5326238
    }, {
      "x" : 0.85410196,
      "y" : 0.309017,
      "z" : 0.19098301
    }, {
      "x" : 0.690983,
      "y" : 0.572949,
      "z" : -0.23606798
    }, {
      "x" : 0.309017,
      "y" : 0.11803399,
      "z" : -0.045084972
    }, {
      "x" : 0.76393205,
      "y" : 0.309017,
      "z" : -0.42705098
    }, {
      "x" : 0.927051,
      "y" : 0.045084972,
      "z" : 0.0
    }, {
      "x" : 9.740828,
      "y" : 3.7034442,
      "z" : -1.1055728
    }, {
      "x" : 10.50476,
      "y" : 4.012461,
      "z" : -1.5326238
    } ],
    "faces" : [ {
      "vertices" : [ 2, 7, 5 ]
    }, {
      "vertices" : [ 2, 5, 3 ]
    }, {
      "vertices" : [ 1, 8, 7 ]
    }, {
      "vertices" : [ 1, 7, 2 ]
    }, {
      "vertices" : [ 4, 6, 8 ]
    }, {
      "vertices" : [ 5, 7, 6 ]
    }, {
      "vertices" : [ 0, 1, 2 ]
    }, {
      "vertices" : [ 0, 2, 3 ]
    }, {
      "vertices" : [ 6, 7, 8 ]
    }, {
      "vertices" : [ 3, 5, 4 ]
    }, {
      "vertices" : [ 3, 4, 9 ]
    }, {
      "vertices" : [ 1, 9, 4 ]
    }, {
      "vertices" : [ 1, 4, 8 ]
    }, {
      "vertices" : [ 0, 9, 1 ]
    }, {
      "vertices" : [ 0, 3, 9 ]
    }, {
      "vertices" : [ 4, 5, 6 ]
    } ]
  }, {
    "id" : "b4f8b119-9d8f-461b-bba6-70cd58c71f9a",
    "vertices" : [ {
      "x" : 1.0,
      "y" : 0.309017,
      "z" : 0.19098301
    }, {
      "x" : 1.0,
      "y" : -0.309017,
      "z" : 0.19098301
    }, {
      "x" : 34.888542,
      "y" : -0.309017,
      "z" : 0.19098301
    }, {
      "x" : 34.888542,
      "y" : 0.309017,
      "z" : 0.19098301
    }, {
      "x" : 34.888542,
      "y" : -0.309017,
      "z" : -0.19098301
    }, {
      "x" : 34.888542,
      "y" : 0.309017,
      "z" : -0.19098301
    }, {
      "x" : 35.506577,
      "y" : 0.0,
      "z" : 0.0
    }, {
      "x" : 0.38196602,
      "y" : 0.0,
      "z" : 0.0
    }, {
      "x" : 1.0,
      "y" : 0.309017,
      "z" : -0.19098301
    }, {
      "x" : 1.0,
      "y" : -0.309017,
      "z" : -0.19098301
    }, {
      "x" : 35.888542,
      "y" : 0.0,
      "z" : 0.0
    } ],
    "faces" : [ {
      "vertices" : [ 1, 9, 4 ]
    }, {
      "vertices" : [ 1, 4, 2 ]
    }, {
      "vertices" : [ 0, 3, 5 ]
    }, {
      "vertices" : [ 0, 5, 8 ]
    }, {
      "vertices" : [ 1, 7, 9 ]
    }, {
      "vertices" : [ 0, 1, 2 ]
    }, {
      "vertices" : [ 0, 2, 3 ]
    }, {
      "vertices" : [ 7, 8, 9 ]
    }, {
      "vertices" : [ 0, 7, 1 ]
    }, {
      "vertices" : [ 4, 9, 8 ]
    }, {
      "vertices" : [ 4, 8, 5 ]
    }, {
      "vertices" : [ 2, 6, 3 ]
    }, {
      "vertices" : [ 2, 4, 6 ]
    }, {
      "vertices" : [ 3, 6, 5 ]
    }, {
      "vertices" : [ 4, 5, 6 ]
    }, {
      "vertices" : [ 0, 8, 7 ]
    } ]
  }, {
    "id" : "2655fd68-3a5a-49dd-9d90-850f92f01883",
    "vertices" : [ {
      "x" : -55.003635,
      "y" : 8.024922,
      "z" : 0.0
    }, {
      "x" : -46.978714,
      "y" : 0.0,
      "z" : 0.0
    }, {
      "x" : -46.978714,
      "y" : 11.09017,
      "z" : 11.09017
    } ],
    "faces" : [ {
      "vertices" : [ 0, 1, 2 ]
    }, {
      "vertices" : [ 0, 2, 1 ]
    } ]
  }, {
    "id" : "b53ea955-e7a6-432c-aa52-1161c958ecae",
    "vertices" : [ {
      "x" : 46.978714,
      "y" : -21.00952,
      "z" : -21.00952
    }, {
      "x" : 38.006577,
      "y" : -14.5172205,
      "z" : -23.489357
    }, {
      "x" : 46.978714,
      "y" : -11.09017,
      "z" : -11.09017
    } ],
    "faces" : [ {
      "vertices" : [ 0, 1, 2 ]
    }, {
      "vertices" : [ 0, 2, 1 ]
    } ]
  }, {
    "id" : "d790a399-b27e-4543-a36e-c5aec96b3537",
    "vertices" : [ {
      "x" : 42.01904,
      "y" : -12.984597,
      "z" : -33.994118
    }, {
      "x" : 29.034441,
      "y" : -17.944271,
      "z" : -35.888542
    }, {
      "x" : 46.978714,
      "y" : -46.978714,
      "z" : -46.978714
    } ],
    "faces" : [ {
      "vertices" : [ 0, 1, 2 ]
    }, {
      "vertices" : [ 0, 2, 1 ]
    } ]
  }, {
    "id" : "0c2c5c07-e546-4275-b04c-e070212d0afa",
    "vertices" : [ {
      "x" : 46.978714,
      "y" : 21.00952,
      "z" : 21.00952
    }, {
      "x" : 46.978714,
      "y" : 11.09017,
      "z" : 11.09017
    }, {
      "x" : 76.01315,
      "y" : 0.0,
      "z" : 29.034441
    } ],
    "faces" : [ {
      "vertices" : [ 0, 1, 2 ]
    }, {
      "vertices" : [ 0, 2, 1 ]
    } ]
  }, {
    "id" : "5a5256e1-a79d-4689-b8a2-cdcbb225951d",
    "vertices" : [ {
      "x" : 0.0,
      "y" : 0.0,
      "z" : -46.978714
    }, {
      "x" : 0.0,
      "y" : 29.034441,
      "z" : -76.01315
    }, {
      "x" : 11.09017,
      "y" : 11.09017,
      "z" : -46.978714
    } ],
    "faces" : [ {
      "vertices" : [ 0, 1, 2 ]
    }, {
      "vertices" : [ 0, 2, 1 ]
    } ]
  }, {
    "id" : "4492a609-d5bb-4a2f-83e7-fbafb824ebee",
    "vertices" : [ {
      "x" : 14.5172205,
      "y" : 23.489357,
      "z" : -38.006577
    }, {
      "x" : 46.978714,
      "y" : 46.978714,
      "z" : -46.978714
    }, {
      "x" : 29.034441,
      "y" : 17.944271,
      "z" : -35.888542
    } ],
    "faces" : [ {
      "vertices" : [ 0, 1, 2 ]
    }, {
      "vertices" : [ 0, 2, 1 ]
    } ]
  }, {
    "id" : "50893bd6-52b2-4fa7-a77b-ad5703f34acf",
    "vertices" : [ {
      "x" : -42.01904,
      "y" : -12.984597,
      "z" : 33.994118
    }, {
      "x" : -38.006577,
      "y" : -14.5172205,
      "z" : 23.489357
    }, {
      "x" : -29.034441,
      "y" : -17.944271,
      "z" : 35.888542
    } ],
    "faces" : [ {
      "vertices" : [ 0, 1, 2 ]
    }, {
      "vertices" : [ 0, 2, 1 ]
    } ]
  }, {
    "id" : "e5b35a12-0fac-419a-ade9-22437d202439",
    "vertices" : [ {
      "x" : -38.006577,
      "y" : 14.5172205,
      "z" : -23.489357
    }, {
      "x" : -46.978714,
      "y" : 46.978714,
      "z" : -46.978714
    }, {
      "x" : -29.034441,
      "y" : 17.944271,
      "z" : -35.888542
    } ],
    "faces" : [ {
      "vertices" : [ 0, 1, 2 ]
    }, {
      "vertices" : [ 0, 2, 1 ]
    } ]
  }, {
    "id" : "ae70cd58-bb12-497d-8e9d-ee4ebacabcf4",
    "vertices" : [ {
      "x" : 33.6851,
      "y" : 12.866563,
      "z" : -4.91459
    }, {
      "x" : 33.303135,
      "y" : 12.411648,
      "z" : -4.7236066
    }, {
      "x" : 33.140015,
      "y" : 12.67558,
      "z" : -5.1506577
    }, {
      "x" : 33.067066,
      "y" : 12.939512,
      "z" : -4.959675
    }, {
      "x" : 0.85410196,
      "y" : 0.309017,
      "z" : 0.19098301
    }, {
      "x" : 0.690983,
      "y" : 0.572949,
      "z" : -0.23606798
    }, {
      "x" : 0.309017,
      "y" : 0.11803399,
      "z" : -0.045084972
    }, {
      "x" : 0.76393205,
      "y" : 0.309017,
      "z" : -0.42705098
    }, {
      "x" : 0.927051,
      "y" : 0.045084972,
      "z" : 0.0
    }, {
      "x" : 33.230186,
      "y" : 12.67558,
      "z" : -4.532624
    }, {
      "x" : 33.994118,
      "y" : 12.984597,
      "z" : -4.959675
    } ],
    "faces" : [ {
      "vertices" : [ 2, 7, 5 ]
    }, {
      "vertices" : [ 2, 5, 3 ]
    }, {
      "vertices" : [ 1, 8, 7 ]
    }, {
      "vertices" : [ 1, 7, 2 ]
    }, {
      "vertices" : [ 4, 6, 8 ]
    }, {
      "vertices" : [ 5, 7, 6 ]
    }, {
      "vertices" : [ 0, 1, 2 ]
    }, {
      "vertices" : [ 0, 2, 3 ]
    }, {
      "vertices" : [ 6, 7, 8 ]
    }, {
      "vertices" : [ 3, 5, 4 ]
    }, {
      "vertices" : [ 3, 4, 9 ]
    }, {
      "vertices" : [ 1, 9, 4 ]
    }, {
      "vertices" : [ 1, 4, 8 ]
    }, {
      "vertices" : [ 0, 9, 1 ]
    }, {
      "vertices" : [ 0, 3, 9 ]
    }, {
      "vertices" : [ 4, 5, 6 ]
    } ]
  }, {
    "id" : "8dd40497-9dfa-40bf-b5dc-8a0f5e47460e",
    "vertices" : [ {
      "x" : -46.978714,
      "y" : -46.978714,
      "z" : 46.978714
    }, {
      "x" : -42.01904,
      "y" : -12.984597,
      "z" : 33.994118
    }, {
      "x" : -38.006577,
      "y" : -14.5172205,
      "z" : 23.489357
    } ],
    "faces" : [ {
      "vertices" : [ 0, 1, 2 ]
    }, {
      "vertices" : [ 0, 2, 1 ]
    } ]
  }, {
    "id" : "0baaae7b-b94d-46e8-bd3a-7b97a3ace287",
    "vertices" : [ {
      "x" : -14.5172205,
      "y" : 23.489357,
      "z" : -38.006577
    }, {
      "x" : 0.0,
      "y" : 29.034441,
      "z" : -76.01315
    }, {
      "x" : -11.09017,
      "y" : 11.09017,
      "z" : -46.978714
    } ],
    "faces" : [ {
      "vertices" : [ 0, 1, 2 ]
    }, {
      "vertices" : [ 0, 2, 1 ]
    } ]
  }, {
    "id" : "66552a56-3dd5-40c2-a072-bf1b46ce22a7",
    "vertices" : [ {
      "x" : -23.489357,
      "y" : 38.006577,
      "z" : 14.5172205
    }, {
      "x" : -29.034441,
      "y" : 76.01315,
      "z" : 0.0
    }, {
      "x" : -29.034441,
      "y" : 40.12461,
      "z" : 0.0
    } ],
    "faces" : [ {
      "vertices" : [ 0, 1, 2 ]
    }, {
      "vertices" : [ 0, 2, 1 ]
    } ]
  }, {
    "id" : "d17c39c8-0ebf-4213-bd0a-a2dc36fad461",
    "vertices" : [ {
      "x" : -29.034441,
      "y" : -76.01315,
      "z" : 0.0
    }, {
      "x" : -21.00952,
      "y" : -46.978714,
      "z" : 21.00952
    }, {
      "x" : -23.489357,
      "y" : -38.006577,
      "z" : 14.5172205
    } ],
    "faces" : [ {
      "vertices" : [ 0, 1, 2 ]
    }, {
      "vertices" : [ 0, 2, 1 ]
    } ]
  }, {
    "id" : "71068b8e-4e64-4c45-a00b-90c3ce6180a4",
    "vertices" : [ {
      "x" : -46.978714,
      "y" : -46.978714,
      "z" : -46.978714
    }, {
      "x" : -21.00952,
      "y" : -46.978714,
      "z" : -21.00952
    }, {
      "x" : -23.489357,
      "y" : -38.006577,
      "z" : -14.5172205
    } ],
    "faces" : [ {
      "vertices" : [ 0, 1, 2 ]
    }, {
      "vertices" : [ 0, 2, 1 ]
    } ]
  }, {
    "id" : "0022f390-5598-431d-9f4b-7aa1d310f47f",
    "vertices" : [ {
      "x" : -46.978714,
      "y" : -21.00952,
      "z" : -21.00952
    }, {
      "x" : -38.006577,
      "y" : -14.5172205,
      "z" : -23.489357
    }, {
      "x" : -35.888542,
      "y" : -29.034441,
      "z" : -17.944271
    } ],
    "faces" : [ {
      "vertices" : [ 0, 1, 2 ]
    }, {
      "vertices" : [ 0, 2, 1 ]
    } ]
  }, {
    "id" : "eee032b3-0f6a-44d1-9327-0c7c4634cb13",
    "vertices" : [ {
      "x" : 33.994118,
      "y" : 42.01904,
      "z" : -12.984597
    }, {
      "x" : 23.489357,
      "y" : 38.006577,
      "z" : -14.5172205
    }, {
      "x" : 29.034441,
      "y" : 40.12461,
      "z" : 0.0
    } ],
    "faces" : [ {
      "vertices" : [ 0, 1, 2 ]
    }, {
      "vertices" : [ 0, 2, 1 ]
    } ]
  }, {
    "id" : "8ebd5617-d861-42c6-a19f-097078c1a4e5",
    "vertices" : [ {
      "x" : 23.489357,
      "y" : -38.006577,
      "z" : -14.5172205
    }, {
      "x" : 29.034441,
      "y" : -76.01315,
      "z" : 0.0
    }, {
      "x" : 11.09017,
      "y" : -46.978714,
      "z" : -11.09017
    } ],
    "faces" : [ {
      "vertices" : [ 0, 1, 2 ]
    }, {
      "vertices" : [ 0, 2, 1 ]
    } ]
  }, {
    "id" : "3a573eed-0593-4645-a267-8bbbd51719cd",
    "vertices" : [ {
      "x" : 14.5172205,
      "y" : 23.489357,
      "z" : -38.006577
    }, {
      "x" : 0.0,
      "y" : 29.034441,
      "z" : -76.01315
    }, {
      "x" : 0.0,
      "y" : 29.034441,
      "z" : -40.12461
    } ],
    "faces" : [ {
      "vertices" : [ 0, 1, 2 ]
    }, {
      "vertices" : [ 0, 2, 1 ]
    } ]
  }, {
    "id" : "19b414f4-b53a-46a5-aed8-96dc9b11ecd4",
    "vertices" : [ {
      "x" : 21.00952,
      "y" : 21.00952,
      "z" : -46.978714
    }, {
      "x" : 14.5172205,
      "y" : 23.489357,
      "z" : -38.006577
    }, {
      "x" : 29.034441,
      "y" : 17.944271,
      "z" : -35.888542
    } ],
    "faces" : [ {
      "vertices" : [ 0, 1, 2 ]
    }, {
      "vertices" : [ 0, 2, 1 ]
    } ]
  }, {
    "id" : "3f033964-17cd-4953-b7e6-95da228681a7",
    "vertices" : [ {
      "x" : 76.01315,
      "y" : 0.0,
      "z" : 29.034441
    }, {
      "x" : 55.003635,
      "y" : -8.024922,
      "z" : 0.0
    }, {
      "x" : 46.978714,
      "y" : 0.0,
      "z" : 0.0
    } ],
    "faces" : [ {
      "vertices" : [ 0, 1, 2 ]
    }, {
      "vertices" : [ 0, 2, 1 ]
    } ]
  }, {
    "id" : "d0992702-7798-4943-a4d6-e7d5af643f0a",
    "vertices" : [ {
      "x" : 42.01904,
      "y" : 12.984597,
      "z" : -33.994118
    }, {
      "x" : 40.12461,
      "y" : 0.0,
      "z" : -29.034441
    }, {
      "x" : 76.01315,
      "y" : 0.0,
      "z" : -29.034441
    } ],
    "faces" : [ {
      "vertices" : [ 0, 1, 2 ]
    }, {
      "vertices" : [ 0, 2, 1 ]
    } ]
  }, {
    "id" : "e0a788f9-374d-4638-9d8a-4b6a50dd846a",
    "vertices" : [ {
      "x" : -12.984597,
      "y" : 33.994118,
      "z" : -42.01904
    }, {
      "x" : -14.5172205,
      "y" : 23.489357,
      "z" : -38.006577
    }, {
      "x" : -17.944271,
      "y" : 35.888542,
      "z" : -29.034441
    } ],
    "faces" : [ {
      "vertices" : [ 0, 1, 2 ]
    }, {
      "vertices" : [ 0, 2, 1 ]
    } ]
  }, {
    "id" : "a09eb515-beb7-4ee8-9437-48ea0cf61cc8",
    "vertices" : [ {
      "x" : -38.006577,
      "y" : -14.5172205,
      "z" : -23.489357
    }, {
      "x" : -76.01315,
      "y" : 0.0,
      "z" : -29.034441
    }, {
      "x" : -40.12461,
      "y" : 0.0,
      "z" : -29.034441
    } ],
    "faces" : [ {
      "vertices" : [ 0, 1, 2 ]
    }, {
      "vertices" : [ 0, 2, 1 ]
    } ]
  }, {
    "id" : "9b35b855-d761-4046-b763-fea646946cfe",
    "vertices" : [ {
      "x" : -14.5172205,
      "y" : -23.489357,
      "z" : 38.006577
    }, {
      "x" : -46.978714,
      "y" : -46.978714,
      "z" : 46.978714
    }, {
      "x" : -17.944271,
      "y" : -35.888542,
      "z" : 29.034441
    } ],
    "faces" : [ {
      "vertices" : [ 0, 1, 2 ]
    }, {
      "vertices" : [ 0, 2, 1 ]
    } ]
  }, {
    "id" : "60e2fe82-3b02-4d5f-a8fb-cb09c3113413",
    "vertices" : [ {
      "x" : -33.994118,
      "y" : 42.01904,
      "z" : 12.984597
    }, {
      "x" : -29.034441,
      "y" : 40.12461,
      "z" : 0.0
    }, {
      "x" : -29.034441,
      "y" : 76.01315,
      "z" : 0.0
    } ],
    "faces" : [ {
      "vertices" : [ 0, 1, 2 ]
    }, {
      "vertices" : [ 0, 2, 1 ]
    } ]
  }, {
    "id" : "d03b70c1-cae2-4e35-b1e7-75b148fe2106",
    "vertices" : [ {
      "x" : -42.01904,
      "y" : -12.984597,
      "z" : 33.994118
    }, {
      "x" : -29.034441,
      "y" : -17.944271,
      "z" : 35.888542
    }, {
      "x" : -46.978714,
      "y" : -46.978714,
      "z" : 46.978714
    } ],
    "faces" : [ {
      "vertices" : [ 0, 1, 2 ]
    }, {
      "vertices" : [ 0, 2, 1 ]
    } ]
  }, {
    "id" : "96b95631-57ce-41ff-b703-650ba51a46e7",
    "vertices" : [ {
      "x" : -46.978714,
      "y" : -46.978714,
      "z" : 46.978714
    }, {
      "x" : -12.984597,
      "y" : -33.994118,
      "z" : 42.01904
    }, {
      "x" : -14.5172205,
      "y" : -23.489357,
      "z" : 38.006577
    } ],
    "faces" : [ {
      "vertices" : [ 0, 1, 2 ]
    }, {
      "vertices" : [ 0, 2, 1 ]
    } ]
  }, {
    "id" : "5ed6483e-3f5b-4861-9102-f781ad265870",
    "vertices" : [ {
      "x" : -38.006577,
      "y" : 14.5172205,
      "z" : -23.489357
    }, {
      "x" : -76.01315,
      "y" : 0.0,
      "z" : -29.034441
    }, {
      "x" : -46.978714,
      "y" : 11.09017,
      "z" : -11.09017
    } ],
    "faces" : [ {
      "vertices" : [ 0, 1, 2 ]
    }, {
      "vertices" : [ 0, 2, 1 ]
    } ]
  }, {
    "id" : "3c4051c9-6fe0-4240-be69-cfe2f2ae0c0f",
    "vertices" : [ {
      "x" : -29.034441,
      "y" : 76.01315,
      "z" : 0.0
    }, {
      "x" : -33.994118,
      "y" : 42.01904,
      "z" : 12.984597
    }, {
      "x" : -23.489357,
      "y" : 38.006577,
      "z" : 14.5172205
    } ],
    "faces" : [ {
      "vertices" : [ 0, 1, 2 ]
    }, {
      "vertices" : [ 0, 2, 1 ]
    } ]
  }, {
    "id" : "9bb9a163-b3a3-43ce-aaf8-21e1197cf304",
    "vertices" : [ {
      "x" : 29.034441,
      "y" : 76.01315,
      "z" : 0.0
    }, {
      "x" : 0.0,
      "y" : 55.003635,
      "z" : -8.024922
    }, {
      "x" : 0.0,
      "y" : 46.978714,
      "z" : 0.0
    } ],
    "faces" : [ {
      "vertices" : [ 0, 1, 2 ]
    }, {
      "vertices" : [ 0, 2, 1 ]
    } ]
  }, {
    "id" : "5ac705f2-b987-492a-9e7f-54a2b2c40669",
    "vertices" : [ {
      "x" : -12.984597,
      "y" : -33.994118,
      "z" : 42.01904
    }, {
      "x" : -14.5172205,
      "y" : -23.489357,
      "z" : 38.006577
    }, {
      "x" : -17.944271,
      "y" : -35.888542,
      "z" : 29.034441
    } ],
    "faces" : [ {
      "vertices" : [ 0, 1, 2 ]
    }, {
      "vertices" : [ 0, 2, 1 ]
    } ]
  }, {
    "id" : "fc111cfa-6796-470b-a17d-1ab89827cbff",
    "vertices" : [ {
      "x" : -33.994118,
      "y" : -42.01904,
      "z" : 12.984597
    }, {
      "x" : -23.489357,
      "y" : -38.006577,
      "z" : 14.5172205
    }, {
      "x" : -35.888542,
      "y" : -29.034441,
      "z" : 17.944271
    } ],
    "faces" : [ {
      "vertices" : [ 0, 1, 2 ]
    }, {
      "vertices" : [ 0, 2, 1 ]
    } ]
  }, {
    "id" : "1c14bd3f-0fd6-470c-8163-262c7fba7251",
    "vertices" : [ {
      "x" : 23.489357,
      "y" : 38.006577,
      "z" : -14.5172205
    }, {
      "x" : 29.034441,
      "y" : 76.01315,
      "z" : 0.0
    }, {
      "x" : 29.034441,
      "y" : 40.12461,
      "z" : 0.0
    } ],
    "faces" : [ {
      "vertices" : [ 0, 1, 2 ]
    }, {
      "vertices" : [ 0, 2, 1 ]
    } ]
  }, {
    "id" : "4956ea36-1897-4d29-bb40-34fb151f7865",
    "vertices" : [ {
      "x" : -42.01904,
      "y" : -12.984597,
      "z" : -33.994118
    }, {
      "x" : -38.006577,
      "y" : -14.5172205,
      "z" : -23.489357
    }, {
      "x" : -40.12461,
      "y" : 0.0,
      "z" : -29.034441
    } ],
    "faces" : [ {
      "vertices" : [ 0, 1, 2 ]
    }, {
      "vertices" : [ 0, 2, 1 ]
    } ]
  }, {
    "id" : "703c5397-97cb-470a-89c0-61d0f2f2b6a6",
    "vertices" : [ {
      "x" : 46.978714,
      "y" : 46.978714,
      "z" : -46.978714
    }, {
      "x" : 46.978714,
      "y" : 21.00952,
      "z" : -21.00952
    }, {
      "x" : 38.006577,
      "y" : 14.5172205,
      "z" : -23.489357
    } ],
    "faces" : [ {
      "vertices" : [ 0, 1, 2 ]
    }, {
      "vertices" : [ 0, 2, 1 ]
    } ]
  }, {
    "id" : "b0c0ae20-e270-4464-a125-8fdc91268557",
    "vertices" : [ {
      "x" : -23.489357,
      "y" : -38.006577,
      "z" : 14.5172205
    }, {
      "x" : -46.978714,
      "y" : -46.978714,
      "z" : 46.978714
    }, {
      "x" : -35.888542,
      "y" : -29.034441,
      "z" : 17.944271
    } ],
    "faces" : [ {
      "vertices" : [ 0, 1, 2 ]
    }, {
      "vertices" : [ 0, 2, 1 ]
    } ]
  }, {
    "id" : "bec194e2-787f-428c-a5a3-16775ae44704",
    "vertices" : [ {
      "x" : 0.0,
      "y" : -29.034441,
      "z" : -76.01315
    }, {
      "x" : 21.00952,
      "y" : -21.00952,
      "z" : -46.978714
    }, {
      "x" : 14.5172205,
      "y" : -23.489357,
      "z" : -38.006577
    } ],
    "faces" : [ {
      "vertices" : [ 0, 1, 2 ]
    }, {
      "vertices" : [ 0, 2, 1 ]
    } ]
  }, {
    "id" : "8203b81c-4405-448c-bbae-9e759cd6fa7c",
    "vertices" : [ {
      "x" : 55.003635,
      "y" : -8.024922,
      "z" : 0.0
    }, {
      "x" : 46.978714,
      "y" : 0.0,
      "z" : 0.0
    }, {
      "x" : 46.978714,
      "y" : -11.09017,
      "z" : 11.09017
    } ],
    "faces" : [ {
      "vertices" : [ 0, 1, 2 ]
    }, {
      "vertices" : [ 0, 2, 1 ]
    } ]
  }, {
    "id" : "49d5628f-46e5-4faf-b409-2463819f7801",
    "vertices" : [ {
      "x" : -21.00952,
      "y" : 21.00952,
      "z" : -46.978714
    }, {
      "x" : -14.5172205,
      "y" : 23.489357,
      "z" : -38.006577
    }, {
      "x" : -11.09017,
      "y" : 11.09017,
      "z" : -46.978714
    } ],
    "faces" : [ {
      "vertices" : [ 0, 1, 2 ]
    }, {
      "vertices" : [ 0, 2, 1 ]
    } ]
  }, {
    "id" : "6709c6f3-d358-4912-a2e5-a1101685279a",
    "vertices" : [ {
      "x" : -12.984597,
      "y" : -33.994118,
      "z" : -42.01904
    }, {
      "x" : 0.0,
      "y" : -29.034441,
      "z" : -40.12461
    }, {
      "x" : 0.0,
      "y" : -29.034441,
      "z" : -76.01315
    } ],
    "faces" : [ {
      "vertices" : [ 0, 1, 2 ]
    }, {
      "vertices" : [ 0, 2, 1 ]
    } ]
  }, {
    "id" : "c549f409-165a-4b2f-a20f-8e4f454f3237",
    "vertices" : [ {
      "x" : -33.994118,
      "y" : -42.01904,
      "z" : -12.984597
    }, {
      "x" : -29.034441,
      "y" : -40.12461,
      "z" : 0.0
    }, {
      "x" : -29.034441,
      "y" : -76.01315,
      "z" : 0.0
    } ],
    "faces" : [ {
      "vertices" : [ 0, 1, 2 ]
    }, {
      "vertices" : [ 0, 2, 1 ]
    } ]
  }, {
    "id" : "17729db6-1de5-4869-bdd3-aeea8338977d",
    "vertices" : [ {
      "x" : 14.5172205,
      "y" : -23.489357,
      "z" : -38.006577
    }, {
      "x" : 0.0,
      "y" : -29.034441,
      "z" : -76.01315
    }, {
      "x" : 11.09017,
      "y" : -11.09017,
      "z" : -46.978714
    } ],
    "faces" : [ {
      "vertices" : [ 0, 1, 2 ]
    }, {
      "vertices" : [ 0, 2, 1 ]
    } ]
  }, {
    "id" : "d615d8c4-45d7-4021-9550-6dfd921d18a5",
    "vertices" : [ {
      "x" : 0.0,
      "y" : 0.0,
      "z" : -46.978714
    }, {
      "x" : 0.0,
      "y" : -29.034441,
      "z" : -76.01315
    }, {
      "x" : -11.09017,
      "y" : -11.09017,
      "z" : -46.978714
    } ],
    "faces" : [ {
      "vertices" : [ 0, 1, 2 ]
    }, {
      "vertices" : [ 0, 2, 1 ]
    } ]
  }, {
    "id" : "59881c25-07c0-4186-a90a-17d1a023aebf",
    "vertices" : [ {
      "x" : 46.978714,
      "y" : -21.00952,
      "z" : 21.00952
    }, {
      "x" : 38.006577,
      "y" : -14.5172205,
      "z" : 23.489357
    }, {
      "x" : 35.888542,
      "y" : -29.034441,
      "z" : 17.944271
    } ],
    "faces" : [ {
      "vertices" : [ 0, 1, 2 ]
    }, {
      "vertices" : [ 0, 2, 1 ]
    } ]
  }, {
    "id" : "8c9a6e77-0652-437e-a3f4-1791dce63747",
    "vertices" : [ {
      "x" : 21.00952,
      "y" : -46.978714,
      "z" : 21.00952
    }, {
      "x" : 23.489357,
      "y" : -38.006577,
      "z" : 14.5172205
    }, {
      "x" : 17.944271,
      "y" : -35.888542,
      "z" : 29.034441
    } ],
    "faces" : [ {
      "vertices" : [ 0, 1, 2 ]
    }, {
      "vertices" : [ 0, 2, 1 ]
    } ]
  }, {
    "id" : "1d0b03c7-d99d-4e03-9304-21cf607a5495",
    "vertices" : [ {
      "x" : 21.00952,
      "y" : -46.978714,
      "z" : 21.00952
    }, {
      "x" : 17.944271,
      "y" : -35.888542,
      "z" : 29.034441
    }, {
      "x" : 46.978714,
      "y" : -46.978714,
      "z" : 46.978714
    } ],
    "faces" : [ {
      "vertices" : [ 0, 1, 2 ]
    }, {
      "vertices" : [ 0, 2, 1 ]
    } ]
  }, {
    "id" : "6806a907-831f-46de-9abc-0031eb2d58f9",
    "vertices" : [ {
      "x" : -33.994118,
      "y" : 42.01904,
      "z" : -12.984597
    }, {
      "x" : -23.489357,
      "y" : 38.006577,
      "z" : -14.5172205
    }, {
      "x" : -35.888542,
      "y" : 29.034441,
      "z" : -17.944271
    } ],
    "faces" : [ {
      "vertices" : [ 0, 1, 2 ]
    }, {
      "vertices" : [ 0, 2, 1 ]
    } ]
  }, {
    "id" : "5a40e392-d33c-45dc-8ae1-502d36eebb61",
    "vertices" : [ {
      "x" : 0.0,
      "y" : 55.003635,
      "z" : 8.024922
    }, {
      "x" : -11.09017,
      "y" : 46.978714,
      "z" : 11.09017
    }, {
      "x" : -29.034441,
      "y" : 76.01315,
      "z" : 0.0
    } ],
    "faces" : [ {
      "vertices" : [ 0, 1, 2 ]
    }, {
      "vertices" : [ 0, 2, 1 ]
    } ]
  }, {
    "id" : "4c03bc87-b2be-4410-9be3-00bccc0efddd",
    "vertices" : [ {
      "x" : 0.0,
      "y" : 55.003635,
      "z" : 8.024922
    }, {
      "x" : 0.0,
      "y" : 46.978714,
      "z" : 0.0
    }, {
      "x" : -11.09017,
      "y" : 46.978714,
      "z" : 11.09017
    } ],
    "faces" : [ {
      "vertices" : [ 0, 1, 2 ]
    }, {
      "vertices" : [ 0, 2, 1 ]
    } ]
  }, {
    "id" : "2e71841c-debb-4047-b908-619849f53527",
    "vertices" : [ {
      "x" : -46.978714,
      "y" : 21.00952,
      "z" : -21.00952
    }, {
      "x" : -38.006577,
      "y" : 14.5172205,
      "z" : -23.489357
    }, {
      "x" : -46.978714,
      "y" : 11.09017,
      "z" : -11.09017
    } ],
    "faces" : [ {
      "vertices" : [ 0, 1, 2 ]
    }, {
      "vertices" : [ 0, 2, 1 ]
    } ]
  }, {
    "id" : "ffeb6955-ccb8-4e0f-86c1-4594041ce88c",
    "vertices" : [ {
      "x" : 12.984597,
      "y" : 33.994118,
      "z" : -42.01904
    }, {
      "x" : 0.0,
      "y" : 29.034441,
      "z" : -40.12461
    }, {
      "x" : 0.0,
      "y" : 29.034441,
      "z" : -76.01315
    } ],
    "faces" : [ {
      "vertices" : [ 0, 1, 2 ]
    }, {
      "vertices" : [ 0, 2, 1 ]
    } ]
  }, {
    "id" : "9080e648-38d8-4cc5-9a90-3c26c377a85f",
    "vertices" : [ {
      "x" : 0.0,
      "y" : -55.003635,
      "z" : -8.024922
    }, {
      "x" : -11.09017,
      "y" : -46.978714,
      "z" : -11.09017
    }, {
      "x" : -29.034441,
      "y" : -76.01315,
      "z" : 0.0
    } ],
    "faces" : [ {
      "vertices" : [ 0, 1, 2 ]
    }, {
      "vertices" : [ 0, 2, 1 ]
    } ]
  }, {
    "id" : "2ddb095c-599d-4e04-9138-7f5e28b4eaee",
    "vertices" : [ {
      "x" : 46.978714,
      "y" : 46.978714,
      "z" : -46.978714
    }, {
      "x" : 21.00952,
      "y" : 46.978714,
      "z" : -21.00952
    }, {
      "x" : 23.489357,
      "y" : 38.006577,
      "z" : -14.5172205
    } ],
    "faces" : [ {
      "vertices" : [ 0, 1, 2 ]
    }, {
      "vertices" : [ 0, 2, 1 ]
    } ]
  }, {
    "id" : "0271d8a4-8be0-4efc-8704-610a476a437a",
    "vertices" : [ {
      "x" : 46.978714,
      "y" : -21.00952,
      "z" : 21.00952
    }, {
      "x" : 35.888542,
      "y" : -29.034441,
      "z" : 17.944271
    }, {
      "x" : 46.978714,
      "y" : -46.978714,
      "z" : 46.978714
    } ],
    "faces" : [ {
      "vertices" : [ 0, 1, 2 ]
    }, {
      "vertices" : [ 0, 2, 1 ]
    } ]
  }, {
    "id" : "5d31ecf2-0277-4157-bf63-f4ca0ce54bed",
    "vertices" : [ {
      "x" : 14.5172205,
      "y" : -23.489357,
      "z" : -38.006577
    }, {
      "x" : 46.978714,
      "y" : -46.978714,
      "z" : -46.978714
    }, {
      "x" : 17.944271,
      "y" : -35.888542,
      "z" : -29.034441
    } ],
    "faces" : [ {
      "vertices" : [ 0, 1, 2 ]
    }, {
      "vertices" : [ 0, 2, 1 ]
    } ]
  }, {
    "id" : "d711e574-1ee1-4a47-9137-de606a12ff03",
    "vertices" : [ {
      "x" : 8.024922,
      "y" : 0.0,
      "z" : -55.003635
    }, {
      "x" : 0.0,
      "y" : 0.0,
      "z" : -46.978714
    }, {
      "x" : 11.09017,
      "y" : 11.09017,
      "z" : -46.978714
    } ],
    "faces" : [ {
      "vertices" : [ 0, 1, 2 ]
    }, {
      "vertices" : [ 0, 2, 1 ]
    } ]
  }, {
    "id" : "8491cbf4-6781-4d86-8015-9dff0e295c0b",
    "vertices" : [ {
      "x" : -42.01904,
      "y" : 12.984597,
      "z" : -33.994118
    }, {
      "x" : -38.006577,
      "y" : 14.5172205,
      "z" : -23.489357
    }, {
      "x" : -29.034441,
      "y" : 17.944271,
      "z" : -35.888542
    } ],
    "faces" : [ {
      "vertices" : [ 0, 1, 2 ]
    }, {
      "vertices" : [ 0, 2, 1 ]
    } ]
  }, {
    "id" : "4d3bf28b-e19e-4eb3-a27f-5ad7ca89b577",
    "vertices" : [ {
      "x" : -21.00952,
