{
  "field" : "golden",
  "symmetry" : "icosahedral",
  "orientations" : [ [ 1.0, 0.0, 0.0, 0.0, 0.0, 1.0, 0.0, 0.0, 0.0, 0.0, 1.0, 0.0, 0.0, 0.0, 0.0, 1.0 ], [ 0.0, 0.0, 1.0, 0.0, 1.0, 0.0, 0.0, 0.0, 0.0, 1.0, 0.0, 0.0, 0.0, 0.0, 0.0, 1.0 ], [ 0.0, 1.0, 0.0, 0.0, 0.0, 0.0, 1.0, 0.0, 1.0, 0.0, 0.0, 0.0, 0.0, 0.0, 0.0, 1.0 ], [ 0.809017, 0.309017, 0.5, 0.0, 0.309017, 0.5, -0.809017, 0.0, -0.5, 0.809017, 0.309017, 0.0, 0.0, 0.0, 0.0, 1.0 ], [ -0.5, 0.809017, 0.309017, 0.0, 0.809017, 0.309017, 0.5, 0.0, 0.309017, 0.5, -0.809017, 0.0, 0.0, 0.0, 0.0, 1.0 ], [ 0.309017, 0.5, -0.809017, 0.0, -0.5, 0.809017, 0.309017, 0.0, 0.809017, 0.309017, 0.5, 0.0, 0.0, 0.0, 0.0, 1.0 ], [ 0.5, 0.809017, 0.309017, 0.0, 0.809017, -0.309017, -0.5, 0.0, -0.309017, 0.5, -0.809017, 0.0, 0.0, 0.0, 0.0, 1.0 ], [ -0.309017, 0.5, -0.809017, 0.0, 0.5, 0.809017, 0.309017, 0.0, 0.809017, -0.309017, -0.5, 0.0, 0.0, 0.0, 0.0, 1.0 ], [ 0.809017, -0.309017, -0.5, 0.0, -0.309017, 0.5, -0.809017, 0.0, 0.5, 0.809017, 0.309017, 0.0, 0.0, 0.0, 0.0, 1.0 ], [ 0.5, 0.809017, -0.309017, 0.0, 0.809017, -0.309017, 0.5, 0.0, 0.309017, -0.5, -0.809017, 0.0, 0.0, 0.0, 0.0, 1.0 ], [ 0.309017, -0.5, -0.809017, 0.0, 0.5, 0.809017, -0.309017, 0.0, 0.809017, -0.309017, 0.5, 0.0, 0.0, 0.0, 0.0, 1.0 ], [ 0.809017, -0.309017, 0.5, 0.0, 0.309017, -0.5, -0.809017, 0.0, 0.5, 0.809017, -0.309017, 0.0, 0.0, 0.0, 0.0, 1.0 ], [ 0.809017, 0.309017, -0.5, 0.0, 0.309017, 0.5, 0.809017, 0.0, 0.5, -0.809017, 0.309017, 0.0, 0.0, 0.0, 0.0, 1.0 ], [ 0.5, -0.809017, 0.309017, 0.0, 0.809017, 0.309017, -0.5, 0.0, 0.309017, 0.5, 0.809017, 0.0, 0.0, 0.0, 0.0, 1.0 ], [ 0.309017, 0.5, 0.809017, 0.0, 0.5, -0.809017, 0.309017, 0.0, 0.809017, 0.309017, -0.5, 0.0, 0.0, 0.0, 0.0, 1.0 ], [ 1.0, 0.0, 0.0, 0.0, 0.0, -1.0, 0.0, 0.0, 0.0, 0.0, -1.0, 0.0, 0.0, 0.0, 0.0, 1.0 ], [ 0.0, 0.0, 1.0, 0.0, -1.0, 0.0, 0.0, 0.0, 0.0, -1.0, 0.0, 0.0, 0.0, 0.0, 0.0, 1.0 ], [ 0.0, 1.0, 0.0, 0.0, 0.0, 0.0, -1.0, 0.0, -1.0, 0.0, 0.0, 0.0, 0.0, 0.0, 0.0, 1.0 ], [ 0.809017, 0.309017, 0.5, 0.0, -0.309017, -0.5, 0.809017, 0.0, 0.5, -0.809017, -0.309017, 0.0, 0.0, 0.0, 0.0, 1.0 ], [ -0.5, 0.809017, 0.309017, 0.0, -0.809017, -0.309017, -0.5, 0.0, -0.309017, -0.5, 0.809017, 0.0, 0.0, 0.0, 0.0, 1.0 ], [ 0.309017, 0.5, -0.809017, 0.0, 0.5, -0.809017, -0.309017, 0.0, -0.809017, -0.309017, -0.5, 0.0, 0.0, 0.0, 0.0, 1.0 ], [ 0.5, 0.809017, 0.309017, 0.0, -0.809017, 0.309017, 0.5, 0.0, 0.309017, -0.5, 0.809017, 0.0, 0.0, 0.0, 0.0, 1.0 ], [ -0.309017, 0.5, -0.809017, 0.0, -0.5, -0.809017, -0.309017, 0.0, -0.809017, 0.309017, 0.5, 0.0, 0.0, 0.0, 0.0, 1.0 ], [ 0.809017, -0.309017, -0.5, 0.0, 0.309017, -0.5, 0.809017, 0.0, -0.5, -0.809017, -0.309017, 0.0, 0.0, 0.0, 0.0, 1.0 ], [ 0.5, 0.809017, -0.309017, 0.0, -0.809017, 0.309017, -0.5, 0.0, -0.309017, 0.5, 0.809017, 0.0, 0.0, 0.0, 0.0, 1.0 ], [ 0.309017, -0.5, -0.809017, 0.0, -0.5, -0.809017, 0.309017, 0.0, -0.809017, 0.309017, -0.5, 0.0, 0.0, 0.0, 0.0, 1.0 ], [ 0.809017, -0.309017, 0.5, 0.0, -0.309017, 0.5, 0.809017, 0.0, -0.5, -0.809017, 0.309017, 0.0, 0.0, 0.0, 0.0, 1.0 ], [ 0.809017, 0.309017, -0.5, 0.0, -0.309017, -0.5, -0.809017, 0.0, -0.5, 0.809017, -0.309017, 0.0, 0.0, 0.0, 0.0, 1.0 ], [ 0.5, -0.809017, 0.309017, 0.0, -0.809017, -0.309017, 0.5, 0.0, -0.309017, -0.5, -0.809017, 0.0, 0.0, 0.0, 0.0, 1.0 ], [ 0.309017, 0.5, 0.809017, 0.0, -0.5, 0.809017, -0.309017, 0.0, -0.809017, -0.309017, 0.5, 0.0, 0.0, 0.0, 0.0, 1.0 ], [ -1.0, 0.0, 0.0, 0.0, 0.0, -1.0, 0.0, 0.0, 0.0, 0.0, 1.0, 0.0, 0.0, 0.0, 0.0, 1.0 ], [ 0.0, 0.0, -1.0, 0.0, -1.0, 0.0, 0.0, 0.0, 0.0, 1.0, 0.0, 0.0, 0.0, 0.0, 0.0, 1.0 ], [ 0.0, -1.0, 0.0, 0.0, 0.0, 0.0, -1.0, 0.0, 1.0, 0.0, 0.0, 0.0, 0.0, 0.0, 0.0, 1.0 ], [ -0.809017, -0.309017, -0.5, 0.0, -0.309017, -0.5, 0.809017, 0.0, -0.5, 0.809017, 0.309017, 0.0, 0.0, 0.0, 0.0, 1.0 ], [ 0.5, -0.809017, -0.309017, 0.0, -0.809017, -0.309017, -0.5, 0.0, 0.309017, 0.5, -0.809017, 0.0, 0.0, 0.0, 0.0, 1.0 ], [ -0.309017, -0.5, 0.809017, 0.0, 0.5, -0.809017, -0.309017, 0.0, 0.809017, 0.309017, 0.5, 0.0, 0.0, 0.0, 0.0, 1.0 ], [ -0.5, -0.809017, -0.309017, 0.0, -0.809017, 0.309017, 0.5, 0.0, -0.309017, 0.5, -0.809017, 0.0, 0.0, 0.0, 0.0, 1.0 ], [ 0.309017, -0.5, 0.809017, 0.0, -0.5, -0.809017, -0.309017, 0.0, 0.809017, -0.309017, -0.5, 0.0, 0.0, 0.0, 0.0, 1.0 ], [ -0.809017, 0.309017, 0.5, 0.0, 0.309017, -0.5, 0.809017, 0.0, 0.5, 0.809017, 0.309017, 0.0, 0.0, 0.0, 0.0, 1.0 ], [ -0.5, -0.809017, 0.309017, 0.0, -0.809017, 0.309017, -0.5, 0.0, 0.309017, -0.5, -0.809017, 0.0, 0.0, 0.0, 0.0, 1.0 ], [ -0.309017, 0.5, 0.809017, 0.0, -0.5, -0.809017, 0.309017, 0.0, 0.809017, -0.309017, 0.5, 0.0, 0.0, 0.0, 0.0, 1.0 ], [ -0.809017, 0.309017, -0.5, 0.0, -0.309017, 0.5, 0.809017, 0.0, 0.5, 0.809017, -0.309017, 0.0, 0.0, 0.0, 0.0, 1.0 ], [ -0.809017, -0.309017, 0.5, 0.0, -0.309017, -0.5, -0.809017, 0.0, 0.5, -0.809017, 0.309017, 0.0, 0.0, 0.0, 0.0, 1.0 ], [ -0.5, 0.809017, -0.309017, 0.0, -0.809017, -0.309017, 0.5, 0.0, 0.309017, 0.5, 0.809017, 0.0, 0.0, 0.0, 0.0, 1.0 ], [ -0.309017, -0.5, -0.809017, 0.0, -0.5, 0.809017, -0.309017, 0.0, 0.809017, 0.309017, -0.5, 0.0, 0.0, 0.0, 0.0, 1.0 ], [ -1.0, 0.0, 0.0, 0.0, 0.0, 1.0, 0.0, 0.0, 0.0, 0.0, -1.0, 0.0, 0.0, 0.0, 0.0, 1.0 ], [ 0.0, 0.0, -1.0, 0.0, 1.0, 0.0, 0.0, 0.0, 0.0, -1.0, 0.0, 0.0, 0.0, 0.0, 0.0, 1.0 ], [ 0.0, -1.0, 0.0, 0.0, 0.0, 0.0, 1.0, 0.0, -1.0, 0.0, 0.0, 0.0, 0.0, 0.0, 0.0, 1.0 ], [ -0.809017, -0.309017, -0.5, 0.0, 0.309017, 0.5, -0.809017, 0.0, 0.5, -0.809017, -0.309017, 0.0, 0.0, 0.0, 0.0, 1.0 ], [ 0.5, -0.809017, -0.309017, 0.0, 0.809017, 0.309017, 0.5, 0.0, -0.309017, -0.5, 0.809017, 0.0, 0.0, 0.0, 0.0, 1.0 ], [ -0.309017, -0.5, 0.809017, 0.0, -0.5, 0.809017, 0.309017, 0.0, -0.809017, -0.309017, -0.5, 0.0, 0.0, 0.0, 0.0, 1.0 ], [ -0.5, -0.809017, -0.309017, 0.0, 0.809017, -0.309017, -0.5, 0.0, 0.309017, -0.5, 0.809017, 0.0, 0.0, 0.0, 0.0, 1.0 ], [ 0.309017, -0.5, 0.809017, 0.0, 0.5, 0.809017, 0.309017, 0.0, -0.809017, 0.309017, 0.5, 0.0, 0.0, 0.0, 0.0, 1.0 ], [ -0.809017, 0.309017, 0.5, 0.0, -0.309017, 0.5, -0.809017, 0.0, -0.5, -0.809017, -0.309017, 0.0, 0.0, 0.0, 0.0, 1.0 ], [ -0.5, -0.809017, 0.309017, 0.0, 0.809017, -0.309017, 0.5, 0.0, -0.309017, 0.5, 0.809017, 0.0, 0.0, 0.0, 0.0, 1.0 ], [ -0.309017, 0.5, 0.809017, 0.0, 0.5, 0.809017, -0.309017, 0.0, -0.809017, 0.309017, -0.5, 0.0, 0.0, 0.0, 0.0, 1.0 ], [ -0.809017, 0.309017, -0.5, 0.0, 0.309017, -0.5, -0.809017, 0.0, -0.5, -0.809017, 0.309017, 0.0, 0.0, 0.0, 0.0, 1.0 ], [ -0.809017, -0.309017, 0.5, 0.0, 0.309017, 0.5, 0.809017, 0.0, -0.5, 0.809017, -0.309017, 0.0, 0.0, 0.0, 0.0, 1.0 ], [ -0.5, 0.809017, -0.309017, 0.0, 0.809017, 0.309017, -0.5, 0.0, -0.309017, -0.5, -0.809017, 0.0, 0.0, 0.0, 0.0, 1.0 ], [ -0.309017, -0.5, -0.809017, 0.0, 0.5, -0.809017, 0.309017, 0.0, -0.809017, -0.309017, 0.5, 0.0, 0.0, 0.0, 0.0, 1.0 ] ],
  "lights" : {
    "directionalLights" : [ {
      "direction" : [ 1.0, -1.0, -1.0 ],
      "color" : "#EBEBE4"
    }, {
      "direction" : [ -1.0, 0.0, 0.0 ],
      "color" : "#E4E4EB"
    }, {
      "direction" : [ 0.0, 0.0, -1.0 ],
      "color" : "#1E1E1E"
    } ],
    "ambientColor" : "#292929",
    "backgroundColor" : "#AFC8DC"
  },
  "camera" : {
    "position" : {
      "x" : -7.470912,
      "y" : -255.14662,
      "z" : 224.56435
    },
    "perspective" : true,
    "viewDistance" : 339.97745,
    "nearClipDistance" : 0.8499434,
    "farClipDistance" : 679.9542,
    "lookAtPoint" : {
      "x" : 0.0,
      "y" : 0.0,
      "z" : 0.0
    },
    "fieldOfView" : 0.4426289,
    "lookDirection" : {
      "x" : 0.021974728,
      "y" : 0.750481,
      "z" : -0.66052717
    },
    "upDirection" : {
      "x" : -0.010145262,
      "y" : 0.6608196,
      "z" : 0.75047857
    },
    "stereo" : false,
    "width" : 152.98985
  },
  "embedding" : [ 1.0, 0.0, 0.0, 0.0, 0.0, 1.0, 0.0, 0.0, 0.0, 0.0, 1.0, 0.0, 0.0, 0.0, 0.0, 1.0 ],
  "shapes" : [ {
    "id" : "81e0bf59-1ddc-4f98-8276-2d9ecd84f116",
    "vertices" : [ {
      "x" : -46.978714,
      "y" : 11.09017,
      "z" : 11.09017
    }, {
      "x" : -46.978714,
      "y" : 21.00952,
      "z" : 21.00952
    }, {
      "x" : -35.888542,
      "y" : 29.034441,
      "z" : 17.944271
    }, {
      "x" : -29.034441,
      "y" : 17.944271,
      "z" : 0.0
    } ],
    "faces" : [ {
      "vertices" : [ 0, 1, 2 ]
    }, {
      "vertices" : [ 0, 2, 3 ]
    }, {
      "vertices" : [ 0, 3, 2 ]
    }, {
      "vertices" : [ 0, 2, 1 ]
    } ]
  }, {
    "id" : "7cdbf7c0-c51d-4b0d-9499-e071825ac8b6",
    "vertices" : [ {
      "x" : -29.034441,
      "y" : -17.944271,
      "z" : -35.888542
    }, {
      "x" : -42.01904,
      "y" : -12.984597,
      "z" : -33.994118
    }, {
      "x" : -40.12461,
      "y" : 0.0,
      "z" : -29.034441
    }, {
      "x" : -17.944271,
      "y" : 0.0,
      "z" : -29.034441
    } ],
    "faces" : [ {
      "vertices" : [ 0, 1, 2 ]
    }, {
      "vertices" : [ 0, 2, 3 ]
    }, {
      "vertices" : [ 0, 3, 2 ]
    }, {
      "vertices" : [ 0, 2, 1 ]
    } ]
  }, {
    "id" : "da0b2299-3c93-4ab0-9a74-f672493f11a6",
    "vertices" : [ {
      "x" : 1.0,
      "y" : 0.309017,
      "z" : 0.19098301
    }, {
      "x" : 1.0,
      "y" : -0.309017,
      "z" : 0.19098301
    }, {
      "x" : 21.18034,
      "y" : -0.309017,
      "z" : 0.19098301
    }, {
      "x" : 21.18034,
      "y" : 0.309017,
      "z" : 0.19098301
    }, {
      "x" : 21.18034,
      "y" : -0.309017,
      "z" : -0.19098301
    }, {
      "x" : 21.18034,
      "y" : 0.309017,
      "z" : -0.19098301
    }, {
      "x" : 21.798374,
      "y" : 0.0,
      "z" : 0.0
    }, {
      "x" : 0.38196602,
      "y" : 0.0,
      "z" : 0.0
    }, {
      "x" : 1.0,
      "y" : 0.309017,
      "z" : -0.19098301
    }, {
      "x" : 1.0,
      "y" : -0.309017,
      "z" : -0.19098301
    }, {
      "x" : 22.18034,
      "y" : 0.0,
      "z" : 0.0
    } ],
    "faces" : [ {
      "vertices" : [ 1, 9, 4 ]
    }, {
      "vertices" : [ 1, 4, 2 ]
    }, {
      "vertices" : [ 0, 3, 5 ]
    }, {
      "vertices" : [ 0, 5, 8 ]
    }, {
      "vertices" : [ 1, 7, 9 ]
    }, {
      "vertices" : [ 0, 1, 2 ]
    }, {
      "vertices" : [ 0, 2, 3 ]
    }, {
      "vertices" : [ 7, 8, 9 ]
    }, {
      "vertices" : [ 0, 7, 1 ]
    }, {
      "vertices" : [ 4, 9, 8 ]
    }, {
      "vertices" : [ 4, 8, 5 ]
    }, {
      "vertices" : [ 2, 6, 3 ]
    }, {
      "vertices" : [ 2, 4, 6 ]
    }, {
      "vertices" : [ 3, 6, 5 ]
    }, {
      "vertices" : [ 4, 5, 6 ]
    }, {
      "vertices" : [ 0, 8, 7 ]
    } ]
  }, {
    "id" : "1896aae2-6b68-4bd7-ab0f-cdf6b0bf9e43",
    "vertices" : [ {
      "x" : 12.67558,
      "y" : 4.841641,
      "z" : -1.8493422
    }, {
      "x" : 12.293614,
      "y" : 4.386726,
      "z" : -1.6583592
    }, {
      "x" : 12.130495,
      "y" : 4.6506577,
      "z" : -2.08541
    }, {
      "x" : 12.057547,
      "y" : 4.91459,
      "z" : -1.8944272
    }, {
      "x" : 0.85410196,
      "y" : 0.309017,
      "z" : 0.19098301
    }, {
      "x" : 0.690983,
      "y" : 0.572949,
      "z" : -0.23606798
    }, {
      "x" : 0.309017,
      "y" : 0.11803399,
      "z" : -0.045084972
    }, {
      "x" : 0.76393205,
      "y" : 0.309017,
      "z" : -0.42705098
    }, {
      "x" : 0.927051,
      "y" : 0.045084972,
      "z" : 0.0
    }, {
      "x" : 12.220665,
      "y" : 4.6506577,
      "z" : -1.4673762
    }, {
      "x" : 12.984597,
      "y" : 4.959675,
      "z" : -1.8944272
    } ],
    "faces" : [ {
      "vertices" : [ 2, 7, 5 ]
    }, {
      "vertices" : [ 2, 5, 3 ]
    }, {
      "vertices" : [ 1, 8, 7 ]
    }, {
      "vertices" : [ 1, 7, 2 ]
    }, {
      "vertices" : [ 4, 6, 8 ]
    }, {
      "vertices" : [ 5, 7, 6 ]
    }, {
      "vertices" : [ 0, 1, 2 ]
    }, {
      "vertices" : [ 0, 2, 3 ]
    }, {
      "vertices" : [ 6, 7, 8 ]
    }, {
      "vertices" : [ 3, 5, 4 ]
    }, {
      "vertices" : [ 3, 4, 9 ]
    }, {
      "vertices" : [ 1, 9, 4 ]
    }, {
      "vertices" : [ 1, 4, 8 ]
    }, {
      "vertices" : [ 0, 9, 1 ]
    }, {
      "vertices" : [ 0, 3, 9 ]
    }, {
      "vertices" : [ 4, 5, 6 ]
    } ]
  }, {
    "id" : "c6593336-091e-4295-a6c7-dc26e9f993db",
    "vertices" : [ {
      "x" : 88.688736,
      "y" : 33.876083,
      "z" : -12.939512
    }, {
      "x" : 88.30677,
      "y" : 33.42117,
      "z" : -12.748529
    }, {
      "x" : 88.143654,
      "y" : 33.6851,
      "z" : -13.17558
    }, {
      "x" : 88.0707,
      "y" : 33.94903,
      "z" : -12.984597
    }, {
      "x" : 0.85410196,
      "y" : 0.309017,
      "z" : 0.19098301
    }, {
      "x" : 0.690983,
      "y" : 0.572949,
      "z" : -0.23606798
    }, {
      "x" : 0.309017,
      "y" : 0.11803399,
      "z" : -0.045084972
    }, {
      "x" : 0.76393205,
      "y" : 0.309017,
      "z" : -0.42705098
    }, {
      "x" : 0.927051,
      "y" : 0.045084972,
      "z" : 0.0
    }, {
      "x" : 88.23382,
      "y" : 33.6851,
      "z" : -12.557547
    }, {
      "x" : 88.99775,
      "y" : 33.994118,
      "z" : -12.984597
    } ],
    "faces" : [ {
      "vertices" : [ 2, 7, 5 ]
    }, {
      "vertices" : [ 2, 5, 3 ]
    }, {
      "vertices" : [ 1, 8, 7 ]
    }, {
      "vertices" : [ 1, 7, 2 ]
    }, {
      "vertices" : [ 4, 6, 8 ]
    }, {
      "vertices" : [ 5, 7, 6 ]
    }, {
      "vertices" : [ 0, 1, 2 ]
    }, {
      "vertices" : [ 0, 2, 3 ]
    }, {
      "vertices" : [ 6, 7, 8 ]
    }, {
      "vertices" : [ 3, 5, 4 ]
    }, {
      "vertices" : [ 3, 4, 9 ]
    }, {
      "vertices" : [ 1, 9, 4 ]
    }, {
      "vertices" : [ 1, 4, 8 ]
    }, {
      "vertices" : [ 0, 9, 1 ]
    }, {
      "vertices" : [ 0, 3, 9 ]
    }, {
      "vertices" : [ 4, 5, 6 ]
    } ]
  }, {
    "id" : "adfa75b8-b29b-4640-9453-ea03f76655d3",
    "vertices" : [ {
      "x" : 11.09017,
      "y" : 46.978714,
      "z" : -11.09017
    }, {
      "x" : 21.00952,
      "y" : 46.978714,
      "z" : -21.00952
    }, {
      "x" : 17.944271,
      "y" : 35.888542,
      "z" : -29.034441
    }, {
      "x" : 0.0,
      "y" : 29.034441,
      "z" : -17.944271
    } ],
    "faces" : [ {
      "vertices" : [ 0, 1, 2 ]
    }, {
      "vertices" : [ 0, 2, 3 ]
    }, {
      "vertices" : [ 0, 3, 2 ]
    }, {
      "vertices" : [ 0, 2, 1 ]
    } ]
  }, {
    "id" : "37f65f0e-cce5-46c0-bee3-5807ccd2aa68",
    "vertices" : [ {
      "x" : 12.984597,
      "y" : 33.994118,
      "z" : -42.01904
    }, {
      "x" : 0.0,
      "y" : 29.034441,
      "z" : -40.12461
    }, {
      "x" : -12.984597,
      "y" : 33.994118,
      "z" : -42.01904
    }, {
      "x" : 0.0,
      "y" : 122.99187,
      "z" : -76.01315
    } ],
    "faces" : [ {
      "vertices" : [ 0, 1, 2 ]
    }, {
      "vertices" : [ 0, 2, 3 ]
    }, {
      "vertices" : [ 0, 3, 2 ]
    }, {
      "vertices" : [ 0, 2, 1 ]
    } ]
  }, {
    "id" : "eda8c121-bc51-438f-9d5b-f46c995a508b",
    "vertices" : [ {
      "x" : -21.00952,
      "y" : 46.978714,
      "z" : -21.00952
    }, {
      "x" : -11.09017,
      "y" : 46.978714,
      "z" : -11.09017
    }, {
      "x" : 0.0,
      "y" : 55.003635,
      "z" : -8.024922
    }, {
      "x" : 0.0,
      "y" : 122.99187,
      "z" : -76.01315
    } ],
    "faces" : [ {
      "vertices" : [ 0, 1, 2 ]
    }, {
      "vertices" : [ 0, 2, 3 ]
    }, {
      "vertices" : [ 0, 3, 2 ]
    }, {
      "vertices" : [ 0, 2, 1 ]
    } ]
  }, {
    "id" : "9889be3e-0f3e-42a6-9829-61757f179400",
    "vertices" : [ {
      "x" : 46.978714,
      "y" : 11.09017,
      "z" : 11.09017
    }, {
      "x" : 55.003635,
      "y" : 8.024922,
      "z" : 0.0
    }, {
      "x" : 46.978714,
      "y" : 11.09017,
      "z" : -11.09017
    }, {
      "x" : 29.034441,
      "y" : 17.944271,
      "z" : 0.0
    } ],
    "faces" : [ {
      "vertices" : [ 0, 1, 2 ]
    }, {
      "vertices" : [ 0, 2, 3 ]
    }, {
      "vertices" : [ 0, 3, 2 ]
    }, {
      "vertices" : [ 0, 2, 1 ]
    } ]
  }, {
    "id" : "936dd1d2-2466-4067-a8d6-601cac7b1730",
    "vertices" : [ {
      "x" : 33.994118,
      "y" : 42.01904,
      "z" : 12.984597
    }, {
      "x" : 35.888542,
      "y" : 29.034441,
      "z" : 17.944271
    }, {
      "x" : 46.978714,
      "y" : 21.00952,
      "z" : 21.00952
    }, {
      "x" : 122.99187,
      "y" : 76.01315,
      "z" : 0.0
    } ],
    "faces" : [ {
      "vertices" : [ 0, 1, 2 ]
    }, {
      "vertices" : [ 0, 2, 3 ]
    }, {
      "vertices" : [ 0, 3, 2 ]
    }, {
      "vertices" : [ 0, 2, 1 ]
    } ]
  }, {
    "id" : "285eff0a-e3d9-4ce3-9ad6-d5c128628f30",
    "vertices" : [ {
      "x" : -0.309017,
      "y" : -0.19098301,
      "z" : 0.0
    }, {
      "x" : -0.309017,
      "y" : 0.19098301,
      "z" : 0.0
    }, {
      "x" : -0.19098301,
      "y" : 0.0,
      "z" : -0.309017
    }, {
      "x" : -0.19098301,
      "y" : 0.0,
      "z" : 0.309017
    }, {
      "x" : 0.0,
      "y" : -0.309017,
      "z" : -0.19098301
    }, {
      "x" : 0.0,
      "y" : -0.309017,
      "z" : 0.19098301
    }, {
      "x" : 0.0,
      "y" : 0.309017,
      "z" : -0.19098301
    }, {
      "x" : 0.0,
      "y" : 0.309017,
      "z" : 0.19098301
    }, {
      "x" : 0.19098301,
      "y" : 0.0,
      "z" : -0.309017
    }, {
      "x" : 0.19098301,
      "y" : 0.0,
      "z" : 0.309017
    }, {
      "x" : 0.309017,
      "y" : -0.19098301,
      "z" : 0.0
    }, {
      "x" : 0.309017,
      "y" : 0.19098301,
      "z" : 0.0
    } ],
    "faces" : [ {
      "vertices" : [ 0, 1, 2 ]
    }, {
      "vertices" : [ 0, 3, 1 ]
    }, {
      "vertices" : [ 0, 2, 4 ]
    }, {
      "vertices" : [ 0, 5, 3 ]
    }, {
      "vertices" : [ 0, 4, 5 ]
    }, {
      "vertices" : [ 1, 6, 2 ]
    }, {
      "vertices" : [ 1, 3, 7 ]
    }, {
      "vertices" : [ 1, 7, 6 ]
    }, {
      "vertices" : [ 2, 8, 4 ]
    }, {
      "vertices" : [ 2, 6, 8 ]
    }, {
      "vertices" : [ 3, 5, 9 ]
    }, {
      "vertices" : [ 3, 9, 7 ]
    }, {
      "vertices" : [ 4, 10, 5 ]
    }, {
      "vertices" : [ 4, 8, 10 ]
    }, {
      "vertices" : [ 5, 10, 9 ]
    }, {
      "vertices" : [ 6, 7, 11 ]
    }, {
      "vertices" : [ 6, 11, 8 ]
    }, {
      "vertices" : [ 7, 9, 11 ]
    }, {
      "vertices" : [ 8, 11, 10 ]
    }, {
      "vertices" : [ 9, 10, 11 ]
    } ]
  }, {
    "id" : "42bd654a-a38e-4950-bb25-6cddf0610851",
    "vertices" : [ {
      "x" : 21.00952,
      "y" : 46.978714,
      "z" : -21.00952
    }, {
      "x" : 17.944271,
      "y" : 35.888542,
      "z" : -29.034441
    }, {
      "x" : 12.984597,
      "y" : 33.994118,
      "z" : -42.01904
    }, {
      "x" : 0.0,
      "y" : 122.99187,
      "z" : -76.01315
    } ],
    "faces" : [ {
      "vertices" : [ 0, 1, 2 ]
    }, {
      "vertices" : [ 0, 2, 3 ]
    }, {
      "vertices" : [ 0, 3, 2 ]
    }, {
      "vertices" : [ 0, 2, 1 ]
    } ]
  }, {
    "id" : "516563c6-22db-400f-ac53-f84bb1578a64",
    "vertices" : [ {
      "x" : 46.978714,
      "y" : -21.00952,
      "z" : 21.00952
    }, {
      "x" : 35.888542,
      "y" : -29.034441,
      "z" : 17.944271
    }, {
      "x" : 33.994118,
      "y" : -42.01904,
      "z" : 12.984597
    }, {
      "x" : 122.99187,
      "y" : -76.01315,
      "z" : 0.0
    } ],
    "faces" : [ {
      "vertices" : [ 0, 1, 2 ]
    }, {
      "vertices" : [ 0, 2, 3 ]
    }, {
      "vertices" : [ 0, 3, 2 ]
    }, {
      "vertices" : [ 0, 2, 1 ]
    } ]
  }, {
    "id" : "0f045fe9-039c-40cb-b7e3-fc10b9a54eb4",
    "vertices" : [ {
      "x" : 21.00952,
      "y" : -46.978714,
      "z" : -21.00952
    }, {
      "x" : 11.09017,
      "y" : -46.978714,
      "z" : -11.09017
    }, {
      "x" : 0.0,
      "y" : -55.003635,
      "z" : -8.024922
    }, {
      "x" : 0.0,
      "y" : -122.99187,
      "z" : -76.01315
    } ],
    "faces" : [ {
      "vertices" : [ 0, 1, 2 ]
    }, {
      "vertices" : [ 0, 2, 3 ]
    }, {
      "vertices" : [ 0, 3, 2 ]
    }, {
      "vertices" : [ 0, 2, 1 ]
    } ]
  }, {
    "id" : "92e116b3-ecca-47bc-8843-902363f1f491",
    "vertices" : [ {
      "x" : 35.888542,
      "y" : 29.034441,
      "z" : -17.944271
    }, {
      "x" : 33.994118,
      "y" : 42.01904,
      "z" : -12.984597
    }, {
      "x" : 29.034441,
      "y" : 40.12461,
      "z" : 0.0
    }, {
      "x" : 29.034441,
      "y" : 17.944271,
      "z" : 0.0
    } ],
    "faces" : [ {
      "vertices" : [ 0, 1, 2 ]
    }, {
      "vertices" : [ 0, 2, 3 ]
    }, {
      "vertices" : [ 0, 3, 2 ]
    }, {
      "vertices" : [ 0, 2, 1 ]
    } ]
  }, {
    "id" : "70cec71b-b64c-424f-9207-724b2c818892",
    "vertices" : [ {
      "x" : -42.01904,
      "y" : 12.984597,
      "z" : -33.994118
    }, {
      "x" : -29.034441,
      "y" : 17.944271,
      "z" : -35.888542
    }, {
      "x" : -21.00952,
      "y" : 21.00952,
      "z" : -46.978714
    }, {
      "x" : -76.01315,
      "y" : 0.0,
      "z" : -122.99187
    } ],
    "faces" : [ {
      "vertices" : [ 0, 1, 2 ]
    }, {
      "vertices" : [ 0, 2, 3 ]
    }, {
      "vertices" : [ 0, 3, 2 ]
    }, {
      "vertices" : [ 0, 2, 1 ]
    } ]
  }, {
    "id" : "a5d08492-d3f4-4a96-b6ba-92857649d59f",
    "vertices" : [ {
      "x" : 46.978714,
      "y" : 11.09017,
      "z" : -11.09017
    }, {
      "x" : 46.978714,
      "y" : 21.00952,
      "z" : -21.00952
    }, {
      "x" : 35.888542,
      "y" : 29.034441,
      "z" : -17.944271
    }, {
      "x" : 29.034441,
      "y" : 17.944271,
      "z" : 0.0
    } ],
    "faces" : [ {
      "vertices" : [ 0, 1, 2 ]
    }, {
      "vertices" : [ 0, 2, 3 ]
    }, {
      "vertices" : [ 0, 3, 2 ]
    }, {
      "vertices" : [ 0, 2, 1 ]
    } ]
  }, {
    "id" : "9a0f6651-7a16-419f-9a81-f016b4ddf129",
    "vertices" : [ {
      "x" : 1.0,
      "y" : 0.309017,
      "z" : 0.19098301
    }, {
      "x" : 1.0,
      "y" : -0.309017,
      "z" : 0.19098301
    }, {
      "x" : 41.01904,
      "y" : -0.309017,
      "z" : 0.19098301
    }, {
      "x" : 41.01904,
      "y" : 0.309017,
      "z" : 0.19098301
    }, {
      "x" : 41.01904,
      "y" : -0.309017,
      "z" : -0.19098301
    }, {
      "x" : 41.01904,
      "y" : 0.309017,
      "z" : -0.19098301
    }, {
      "x" : 41.637074,
      "y" : 0.0,
      "z" : 0.0
    }, {
      "x" : 0.38196602,
      "y" : 0.0,
      "z" : 0.0
    }, {
      "x" : 1.0,
      "y" : 0.309017,
      "z" : -0.19098301
    }, {
      "x" : 1.0,
      "y" : -0.309017,
      "z" : -0.19098301
    }, {
      "x" : 42.01904,
      "y" : 0.0,
      "z" : 0.0
    } ],
    "faces" : [ {
      "vertices" : [ 1, 9, 4 ]
    }, {
      "vertices" : [ 1, 4, 2 ]
    }, {
      "vertices" : [ 0, 3, 5 ]
    }, {
      "vertices" : [ 0, 5, 8 ]
    }, {
      "vertices" : [ 1, 7, 9 ]
    }, {
      "vertices" : [ 0, 1, 2 ]
    }, {
      "vertices" : [ 0, 2, 3 ]
    }, {
      "vertices" : [ 7, 8, 9 ]
    }, {
      "vertices" : [ 0, 7, 1 ]
    }, {
      "vertices" : [ 4, 9, 8 ]
    }, {
      "vertices" : [ 4, 8, 5 ]
    }, {
      "vertices" : [ 2, 6, 3 ]
    }, {
      "vertices" : [ 2, 4, 6 ]
    }, {
      "vertices" : [ 3, 6, 5 ]
    }, {
      "vertices" : [ 4, 5, 6 ]
    }, {
      "vertices" : [ 0, 8, 7 ]
    } ]
  }, {
    "id" : "a2dfd873-d4a2-4010-a98b-a5c3b2764f1f",
    "vertices" : [ {
      "x" : 12.984597,
      "y" : -33.994118,
      "z" : 42.01904
    }, {
      "x" : 0.0,
      "y" : -29.034441,
      "z" : 40.12461
    }, {
      "x" : -12.984597,
      "y" : -33.994118,
      "z" : 42.01904
    }, {
      "x" : 0.0,
      "y" : -122.99187,
      "z" : 76.01315
    } ],
    "faces" : [ {
      "vertices" : [ 0, 1, 2 ]
    }, {
      "vertices" : [ 0, 2, 3 ]
    }, {
      "vertices" : [ 0, 3, 2 ]
    }, {
      "vertices" : [ 0, 2, 1 ]
    } ]
  }, {
    "id" : "aad3c017-99f9-42c5-8b55-612c888c1b1f",
    "vertices" : [ {
      "x" : -46.978714,
      "y" : 21.00952,
      "z" : -21.00952
    }, {
      "x" : -46.978714,
      "y" : 11.09017,
      "z" : -11.09017
    }, {
      "x" : -55.003635,
      "y" : 8.024922,
      "z" : 0.0
    }, {
      "x" : -122.99187,
      "y" : 76.01315,
      "z" : 0.0
    } ],
    "faces" : [ {
      "vertices" : [ 0, 1, 2 ]
    }, {
      "vertices" : [ 0, 2, 3 ]
    }, {
      "vertices" : [ 0, 3, 2 ]
    }, {
      "vertices" : [ 0, 2, 1 ]
    } ]
  }, {
    "id" : "f1c98edd-b942-45d9-96aa-8184e79f1265",
    "vertices" : [ {
      "x" : -35.888542,
      "y" : -29.034441,
      "z" : 17.944271
    }, {
      "x" : -46.978714,
      "y" : -21.00952,
      "z" : 21.00952
    }, {
      "x" : -46.978714,
      "y" : -11.09017,
      "z" : 11.09017
    }, {
      "x" : -29.034441,
      "y" : -17.944271,
      "z" : 0.0
    } ],
    "faces" : [ {
      "vertices" : [ 0, 1, 2 ]
    }, {
      "vertices" : [ 0, 2, 3 ]
    }, {
      "vertices" : [ 0, 3, 2 ]
    }, {
      "vertices" : [ 0, 2, 1 ]
    } ]
  }, {
    "id" : "14084064-2695-4ed5-bb0e-686f86fa761d",
    "vertices" : [ {
      "x" : -21.00952,
      "y" : 21.00952,
      "z" : -46.978714
    }, {
      "x" : -11.09017,
      "y" : 11.09017,
      "z" : -46.978714
    }, {
      "x" : -8.024922,
      "y" : 0.0,
      "z" : -55.003635
    }, {
      "x" : -76.01315,
      "y" : 0.0,
      "z" : -122.99187
    } ],
    "faces" : [ {
      "vertices" : [ 0, 1, 2 ]
    }, {
      "vertices" : [ 0, 2, 3 ]
    }, {
      "vertices" : [ 0, 3, 2 ]
    }, {
      "vertices" : [ 0, 2, 1 ]
    } ]
  }, {
    "id" : "b157f57b-0d8b-4e84-a1dc-8b09013b9775",
    "vertices" : [ {
      "x" : -21.00952,
      "y" : -21.00952,
      "z" : -46.978714
    }, {
      "x" : -29.034441,
      "y" : -17.944271,
      "z" : -35.888542
    }, {
      "x" : -42.01904,
      "y" : -12.984597,
      "z" : -33.994118
    }, {
      "x" : -76.01315,
      "y" : 0.0,
      "z" : -122.99187
    } ],
    "faces" : [ {
      "vertices" : [ 0, 1, 2 ]
    }, {
      "vertices" : [ 0, 2, 3 ]
    }, {
      "vertices" : [ 0, 3, 2 ]
    }, {
      "vertices" : [ 0, 2, 1 ]
    } ]
  }, {
    "id" : "36d0a751-7fa3-40c1-af01-14c094614170",
    "vertices" : [ {
      "x" : -8.024922,
      "y" : 0.0,
      "z" : -55.003635
    }, {
      "x" : -11.09017,
      "y" : -11.09017,
      "z" : -46.978714
    }, {
      "x" : -21.00952,
      "y" : -21.00952,
      "z" : -46.978714
    }, {
      "x" : -76.01315,
      "y" : 0.0,
      "z" : -122.99187
    } ],
    "faces" : [ {
      "vertices" : [ 0, 1, 2 ]
    }, {
      "vertices" : [ 0, 2, 3 ]
    }, {
      "vertices" : [ 0, 3, 2 ]
    }, {
      "vertices" : [ 0, 2, 1 ]
    } ]
  }, {
    "id" : "da0b92d2-f9fc-4c11-85f0-2ffcbc88d7c9",
    "vertices" : [ {
      "x" : -17.944271,
      "y" : -35.888542,
      "z" : 29.034441
    }, {
      "x" : -21.00952,
      "y" : -46.978714,
      "z" : 21.00952
    }, {
      "x" : -11.09017,
      "y" : -46.978714,
      "z" : 11.09017
    }, {
      "x" : 0.0,
      "y" : -29.034441,
      "z" : 17.944271
    } ],
    "faces" : [ {
      "vertices" : [ 0, 1, 2 ]
    }, {
      "vertices" : [ 0, 2, 3 ]
    }, {
      "vertices" : [ 0, 3, 2 ]
    }, {
      "vertices" : [ 0, 2, 1 ]
    } ]
  }, {
    "id" : "ab5fa483-a188-47d1-98f3-913cd1cc2270",
    "vertices" : [ {
      "x" : 46.978714,
      "y" : -11.09017,
      "z" : -11.09017
    }, {
      "x" : 55.003635,
      "y" : -8.024922,
      "z" : 0.0
    }, {
      "x" : 46.978714,
      "y" : -11.09017,
      "z" : 11.09017
    }, {
      "x" : 29.034441,
      "y" : -17.944271,
      "z" : 0.0
    } ],
    "faces" : [ {
      "vertices" : [ 0, 1, 2 ]
    }, {
      "vertices" : [ 0, 2, 3 ]
    }, {
      "vertices" : [ 0, 3, 2 ]
    }, {
      "vertices" : [ 0, 2, 1 ]
    } ]
  }, {
    "id" : "3f616877-a7a4-4de5-8ef9-ebe7de9fb89f",
    "vertices" : [ {
      "x" : -55.003635,
      "y" : 8.024922,
      "z" : 0.0
    }, {
      "x" : -46.978714,
      "y" : 11.09017,
      "z" : 11.09017
    }, {
      "x" : -46.978714,
      "y" : 21.00952,
      "z" : 21.00952
    }, {
      "x" : -122.99187,
      "y" : 76.01315,
      "z" : 0.0
    } ],
    "faces" : [ {
      "vertices" : [ 0, 1, 2 ]
    }, {
      "vertices" : [ 0, 2, 3 ]
    }, {
      "vertices" : [ 0, 3, 2 ]
    }, {
      "vertices" : [ 0, 2, 1 ]
    } ]
  }, {
    "id" : "b0d62fba-ec2a-4fb4-a932-b9b18b743fb4",
    "vertices" : [ {
      "x" : -17.944271,
      "y" : -35.888542,
      "z" : -29.034441
    }, {
      "x" : -12.984597,
      "y" : -33.994118,
      "z" : -42.01904
    }, {
      "x" : 0.0,
      "y" : -29.034441,
      "z" : -40.12461
    }, {
      "x" : 0.0,
      "y" : -29.034441,
      "z" : -17.944271
    } ],
    "faces" : [ {
      "vertices" : [ 0, 1, 2 ]
    }, {
      "vertices" : [ 0, 2, 3 ]
    }, {
      "vertices" : [ 0, 3, 2 ]
    }, {
      "vertices" : [ 0, 2, 1 ]
    } ]
  }, {
    "id" : "b73af9a3-3d41-4f87-92ce-fea14f6c2c0f",
    "vertices" : [ {
      "x" : -21.00952,
      "y" : -46.978714,
      "z" : 21.00952
    }, {
      "x" : -11.09017,
      "y" : -46.978714,
      "z" : 11.09017
    }, {
      "x" : 0.0,
      "y" : -55.003635,
      "z" : 8.024922
    }, {
      "x" : 0.0,
      "y" : -122.99187,
      "z" : 76.01315
    } ],
    "faces" : [ {
      "vertices" : [ 0, 1, 2 ]
    }, {
      "vertices" : [ 0, 2, 3 ]
    }, {
      "vertices" : [ 0, 3, 2 ]
    }, {
      "vertices" : [ 0, 2, 1 ]
    } ]
  }, {
    "id" : "f8f70b5b-6f9e-4eb3-b37a-9dc52b50046e",
    "vertices" : [ {
      "x" : 46.978714,
      "y" : -11.09017,
      "z" : 11.09017
    }, {
      "x" : 46.978714,
      "y" : -21.00952,
      "z" : 21.00952
    }, {
      "x" : 35.888542,
      "y" : -29.034441,
      "z" : 17.944271
    }, {
      "x" : 29.034441,
      "y" : -17.944271,
      "z" : 0.0
    } ],
    "faces" : [ {
      "vertices" : [ 0, 1, 2 ]
    }, {
      "vertices" : [ 0, 2, 3 ]
    }, {
      "vertices" : [ 0, 3, 2 ]
    }, {
      "vertices" : [ 0, 2, 1 ]
    } ]
  }, {
    "id" : "804222ff-557c-4f69-8a05-22e5281158aa",
    "vertices" : [ {
      "x" : -12.984597,
      "y" : 33.994118,
      "z" : -42.01904
    }, {
      "x" : -17.944271,
      "y" : 35.888542,
      "z" : -29.034441
    }, {
      "x" : -21.00952,
      "y" : 46.978714,
      "z" : -21.00952
    }, {
      "x" : 0.0,
      "y" : 122.99187,
      "z" : -76.01315
    } ],
    "faces" : [ {
      "vertices" : [ 0, 1, 2 ]
    }, {
      "vertices" : [ 0, 2, 3 ]
    }, {
      "vertices" : [ 0, 3, 2 ]
    }, {
      "vertices" : [ 0, 2, 1 ]
    } ]
  }, {
    "id" : "4760068c-fcd7-4000-aa6f-539f98dfc15c",
    "vertices" : [ {
      "x" : -35.888542,
      "y" : -29.034441,
      "z" : -17.944271
    }, {
      "x" : -33.994118,
      "y" : -42.01904,
      "z" : -12.984597
    }, {
      "x" : -29.034441,
      "y" : -40.12461,
      "z" : 0.0
    }, {
      "x" : -29.034441,
      "y" : -17.944271,
      "z" : 0.0
    } ],
    "faces" : [ {
      "vertices" : [ 0, 1, 2 ]
    }, {
      "vertices" : [ 0, 2, 3 ]
    }, {
      "vertices" : [ 0, 3, 2 ]
    }, {
      "vertices" : [ 0, 2, 1 ]
    } ]
  }, {
    "id" : "45a3d123-da33-46e7-bd77-c396adf7cb1b",
    "vertices" : [ {
      "x" : 29.034441,
      "y" : -17.944271,
      "z" : -35.888542
    }, {
      "x" : 21.00952,
      "y" : -21.00952,
      "z" : -46.978714
    }, {
      "x" : 11.09017,
      "y" : -11.09017,
      "z" : -46.978714
    }, {
      "x" : 17.944271,
      "y" : 0.0,
      "z" : -29.034441
    } ],
    "faces" : [ {
      "vertices" : [ 0, 1, 2 ]
    }, {
      "vertices" : [ 0, 2, 3 ]
    }, {
      "vertices" : [ 0, 3, 2 ]
    }, {
      "vertices" : [ 0, 2, 1 ]
    } ]
  }, {
    "id" : "de6e474f-50a1-4955-bde7-538becfccebd",
    "vertices" : [ {
      "x" : -11.09017,
      "y" : -11.09017,
      "z" : -46.978714
    }, {
      "x" : -21.00952,
      "y" : -21.00952,
      "z" : -46.978714
    }, {
      "x" : -29.034441,
      "y" : -17.944271,
      "z" : -35.888542
    }, {
      "x" : -17.944271,
      "y" : 0.0,
      "z" : -29.034441
    } ],
    "faces" : [ {
      "vertices" : [ 0, 1, 2 ]
    }, {
      "vertices" : [ 0, 2, 3 ]
    }, {
      "vertices" : [ 0, 3, 2 ]
    }, {
      "vertices" : [ 0, 2, 1 ]
    } ]
  }, {
    "id" : "706792fe-ed53-4ddb-8e84-4e8b98432577",
    "vertices" : [ {
      "x" : -11.09017,
      "y" : -46.978714,
      "z" : 11.09017
    }, {
      "x" : 0.0,
      "y" : -55.003635,
      "z" : 8.024922
    }, {
      "x" : 11.09017,
      "y" : -46.978714,
      "z" : 11.09017
    }, {
      "x" : 0.0,
      "y" : -29.034441,
      "z" : 17.944271
    } ],
    "faces" : [ {
      "vertices" : [ 0, 1, 2 ]
    }, {
      "vertices" : [ 0, 2, 3 ]
    }, {
      "vertices" : [ 0, 3, 2 ]
    }, {
      "vertices" : [ 0, 2, 1 ]
    } ]
  }, {
    "id" : "42a9eae2-d0a4-4e9b-83b1-21722aef8ca1",
    "vertices" : [ {
      "x" : 8.024922,
      "y" : 0.0,
      "z" : -55.003635
    }, {
      "x" : 11.09017,
      "y" : 11.09017,
      "z" : -46.978714
    }, {
      "x" : 21.00952,
      "y" : 21.00952,
      "z" : -46.978714
    }, {
      "x" : 76.01315,
      "y" : 0.0,
      "z" : -122.99187
    } ],
    "faces" : [ {
      "vertices" : [ 0, 1, 2 ]
    }, {
      "vertices" : [ 0, 2, 3 ]
    }, {
      "vertices" : [ 0, 3, 2 ]
    }, {
      "vertices" : [ 0, 2, 1 ]
    } ]
  }, {
    "id" : "67a17539-36b1-49d7-b210-45058c0d3b2c",
    "vertices" : [ {
      "x" : 11.09017,
      "y" : -46.978714,
      "z" : 11.09017
    }, {
      "x" : 21.00952,
      "y" : -46.978714,
      "z" : 21.00952
    }, {
      "x" : 17.944271,
      "y" : -35.888542,
      "z" : 29.034441
    }, {
      "x" : 0.0,
      "y" : -29.034441,
      "z" : 17.944271
    } ],
    "faces" : [ {
      "vertices" : [ 0, 1, 2 ]
    }, {
      "vertices" : [ 0, 2, 3 ]
    }, {
      "vertices" : [ 0, 3, 2 ]
    }, {
      "vertices" : [ 0, 2, 1 ]
    } ]
  }, {
    "id" : "64856665-28dc-44fe-9f91-89413b15a736",
    "vertices" : [ {
      "x" : 46.978714,
      "y" : 21.00952,
      "z" : -21.00952
    }, {
      "x" : 35.888542,
      "y" : 29.034441,
      "z" : -17.944271
    }, {
      "x" : 33.994118,
      "y" : 42.01904,
      "z" : -12.984597
    }, {
      "x" : 122.99187,
      "y" : 76.01315,
      "z" : 0.0
    } ],
    "faces" : [ {
      "vertices" : [ 0, 1, 2 ]
    }, {
      "vertices" : [ 0, 2, 3 ]
    }, {
      "vertices" : [ 0, 3, 2 ]
    }, {
      "vertices" : [ 0, 2, 1 ]
    } ]
  }, {
    "id" : "fd12c83b-fb7e-49a4-9f7a-69d6a00c1607",
    "vertices" : [ {
      "x" : 11.09017,
      "y" : -11.09017,
      "z" : -46.978714
    }, {
      "x" : 8.024922,
      "y" : 0.0,
      "z" : -55.003635
    }, {
      "x" : 11.09017,
      "y" : 11.09017,
      "z" : -46.978714
    }, {
      "x" : 17.944271,
      "y" : 0.0,
      "z" : -29.034441
    } ],
    "faces" : [ {
      "vertices" : [ 0, 1, 2 ]
    }, {
      "vertices" : [ 0, 2, 3 ]
    }, {
      "vertices" : [ 0, 3, 2 ]
    }, {
      "vertices" : [ 0, 2, 1 ]
    } ]
  }, {
    "id" : "f0da62a2-13ae-483e-88e5-26c6a1526b69",
    "vertices" : [ {
      "x" : 11.09017,
      "y" : -46.978714,
      "z" : -11.09017
    }, {
      "x" : 0.0,
      "y" : -55.003635,
      "z" : -8.024922
    }, {
      "x" : -11.09017,
      "y" : -46.978714,
      "z" : -11.09017
    }, {
      "x" : 0.0,
      "y" : -29.034441,
      "z" : -17.944271
    } ],
    "faces" : [ {
      "vertices" : [ 0, 1, 2 ]
    }, {
      "vertices" : [ 0, 2, 3 ]
    }, {
      "vertices" : [ 0, 3, 2 ]
    }, {
      "vertices" : [ 0, 2, 1 ]
    } ]
  }, {
    "id" : "2ee85782-630b-451f-adda-c7618288487d",
    "vertices" : [ {
      "x" : -42.01904,
      "y" : -12.984597,
      "z" : -33.994118
    }, {
      "x" : -40.12461,
      "y" : 0.0,
      "z" : -29.034441
    }, {
      "x" : -42.01904,
      "y" : 12.984597,
      "z" : -33.994118
    }, {
      "x" : -76.01315,
      "y" : 0.0,
      "z" : -122.99187
    } ],
    "faces" : [ {
      "vertices" : [ 0, 1, 2 ]
    }, {
      "vertices" : [ 0, 2, 3 ]
    }, {
      "vertices" : [ 0, 3, 2 ]
    }, {
      "vertices" : [ 0, 2, 1 ]
    } ]
  }, {
    "id" : "cff33ca1-24b1-4a41-863e-b06064cd34a6",
    "vertices" : [ {
      "x" : 0.0,
      "y" : -29.034441,
      "z" : -40.12461
    }, {
      "x" : 12.984597,
      "y" : -33.994118,
      "z" : -42.01904
    }, {
      "x" : 17.944271,
      "y" : -35.888542,
      "z" : -29.034441
    }, {
      "x" : 0.0,
      "y" : -29.034441,
      "z" : -17.944271
    } ],
    "faces" : [ {
      "vertices" : [ 0, 1, 2 ]
    }, {
      "vertices" : [ 0, 2, 3 ]
    }, {
      "vertices" : [ 0, 3, 2 ]
    }, {
      "vertices" : [ 0, 2, 1 ]
    } ]
  }, {
    "id" : "6b88731a-9ae4-4b33-b827-1a688e08e3c1",
    "vertices" : [ {
      "x" : 33.994118,
      "y" : -42.01904,
      "z" : 12.984597
    }, {
      "x" : 29.034441,
      "y" : -40.12461,
      "z" : 0.0
    }, {
      "x" : 33.994118,
      "y" : -42.01904,
      "z" : -12.984597
    }, {
      "x" : 122.99187,
      "y" : -76.01315,
      "z" : 0.0
    } ],
    "faces" : [ {
      "vertices" : [ 0, 1, 2 ]
    }, {
      "vertices" : [ 0, 2, 3 ]
    }, {
      "vertices" : [ 0, 3, 2 ]
    }, {
      "vertices" : [ 0, 2, 1 ]
    } ]
  }, {
    "id" : "ec5a65ca-b7aa-4bd2-8c5d-b3e8e9b62789",
    "vertices" : [ {
      "x" : -46.978714,
      "y" : -11.09017,
      "z" : 11.09017
    }, {
      "x" : -55.003635,
      "y" : -8.024922,
      "z" : 0.0
    }, {
      "x" : -46.978714,
      "y" : -11.09017,
      "z" : -11.09017
    }, {
      "x" : -29.034441,
      "y" : -17.944271,
      "z" : 0.0
    } ],
    "faces" : [ {
      "vertices" : [ 0, 1, 2 ]
    }, {
      "vertices" : [ 0, 2, 3 ]
    }, {
      "vertices" : [ 0, 3, 2 ]
    }, {
      "vertices" : [ 0, 2, 1 ]
    } ]
  }, {
    "id" : "10c377a6-21a4-476a-b4b2-eab3a7969a83",
    "vertices" : [ {
      "x" : -46.978714,
      "y" : -11.09017,
      "z" : -11.09017
    }, {
      "x" : -46.978714,
      "y" : -21.00952,
      "z" : -21.00952
    }, {
      "x" : -35.888542,
      "y" : -29.034441,
      "z" : -17.944271
    }, {
      "x" : -29.034441,
      "y" : -17.944271,
      "z" : 0.0
    } ],
    "faces" : [ {
      "vertices" : [ 0, 1, 2 ]
    }, {
      "vertices" : [ 0, 2, 3 ]
    }, {
      "vertices" : [ 0, 3, 2 ]
    }, {
      "vertices" : [ 0, 2, 1 ]
    } ]
  }, {
    "id" : "bbb4f274-b131-4135-84c9-e1cdbc7ce67a",
    "vertices" : [ {
      "x" : 17.944271,
      "y" : 35.888542,
      "z" : -29.034441
    }, {
      "x" : 12.984597,
      "y" : 33.994118,
      "z" : -42.01904
    }, {
      "x" : 0.0,
      "y" : 29.034441,
      "z" : -40.12461
    }, {
      "x" : 0.0,
      "y" : 29.034441,
      "z" : -17.944271
    } ],
    "faces" : [ {
      "vertices" : [ 0, 1, 2 ]
    }, {
      "vertices" : [ 0, 2, 3 ]
    }, {
      "vertices" : [ 0, 3, 2 ]
    }, {
      "vertices" : [ 0, 2, 1 ]
    } ]
  }, {
    "id" : "30cfea17-a137-457a-b6ba-49f90b9dc737",
    "vertices" : [ {
      "x" : -33.994118,
      "y" : 42.01904,
      "z" : -12.984597
    }, {
      "x" : -35.888542,
      "y" : 29.034441,
      "z" : -17.944271
    }, {
      "x" : -46.978714,
      "y" : 21.00952,
      "z" : -21.00952
    }, {
      "x" : -122.99187,
      "y" : 76.01315,
      "z" : 0.0
    } ],
    "faces" : [ {
      "vertices" : [ 0, 1, 2 ]
    }, {
      "vertices" : [ 0, 2, 3 ]
    }, {
      "vertices" : [ 0, 3, 2 ]
    }, {
      "vertices" : [ 0, 2, 1 ]
    } ]
  }, {
    "id" : "80f8c7f6-3e05-465a-8455-0ed2767e4f39",
    "vertices" : [ {
      "x" : -17.944271,
      "y" : 35.888542,
      "z" : -29.034441
    }, {
      "x" : -21.00952,
      "y" : 46.978714,
      "z" : -21.00952
    }, {
      "x" : -11.09017,
      "y" : 46.978714,
      "z" : -11.09017
    }, {
      "x" : 0.0,
      "y" : 29.034441,
      "z" : -17.944271
    } ],
    "faces" : [ {
      "vertices" : [ 0, 1, 2 ]
    }, {
      "vertices" : [ 0, 2, 3 ]
    }, {
      "vertices" : [ 0, 3, 2 ]
    }, {
      "vertices" : [ 0, 2, 1 ]
    } ]
  }, {
    "id" : "2e39eece-882f-40ac-b355-88217349b0ed",
    "vertices" : [ {
      "x" : -40.12461,
      "y" : 0.0,
      "z" : -29.034441
    }, {
      "x" : -42.01904,
      "y" : 12.984597,
      "z" : -33.994118
    }, {
