{
  "field" : "golden",
  "symmetry" : "icosahedral",
  "orientations" : [ [ 1.0, 0.0, 0.0, 0.0, 0.0, 1.0, 0.0, 0.0, 0.0, 0.0, 1.0, 0.0, 0.0, 0.0, 0.0, 1.0 ], [ 0.0, 0.0, 1.0, 0.0, 1.0, 0.0, 0.0, 0.0, 0.0, 1.0, 0.0, 0.0, 0.0, 0.0, 0.0, 1.0 ], [ 0.0, 1.0, 0.0, 0.0, 0.0, 0.0, 1.0, 0.0, 1.0, 0.0, 0.0, 0.0, 0.0, 0.0, 0.0, 1.0 ], [ 0.809017, 0.309017, 0.5, 0.0, 0.309017, 0.5, -0.809017, 0.0, -0.5, 0.809017, 0.309017, 0.0, 0.0, 0.0, 0.0, 1.0 ], [ -0.5, 0.809017, 0.309017, 0.0, 0.809017, 0.309017, 0.5, 0.0, 0.309017, 0.5, -0.809017, 0.0, 0.0, 0.0, 0.0, 1.0 ], [ 0.309017, 0.5, -0.809017, 0.0, -0.5, 0.809017, 0.309017, 0.0, 0.809017, 0.309017, 0.5, 0.0, 0.0, 0.0, 0.0, 1.0 ], [ 0.5, 0.809017, 0.309017, 0.0, 0.809017, -0.309017, -0.5, 0.0, -0.309017, 0.5, -0.809017, 0.0, 0.0, 0.0, 0.0, 1.0 ], [ -0.309017, 0.5, -0.809017, 0.0, 0.5, 0.809017, 0.309017, 0.0, 0.809017, -0.309017, -0.5, 0.0, 0.0, 0.0, 0.0, 1.0 ], [ 0.809017, -0.309017, -0.5, 0.0, -0.309017, 0.5, -0.809017, 0.0, 0.5, 0.809017, 0.309017, 0.0, 0.0, 0.0, 0.0, 1.0 ], [ 0.5, 0.809017, -0.309017, 0.0, 0.809017, -0.309017, 0.5, 0.0, 0.309017, -0.5, -0.809017, 0.0, 0.0, 0.0, 0.0, 1.0 ], [ 0.309017, -0.5, -0.809017, 0.0, 0.5, 0.809017, -0.309017, 0.0, 0.809017, -0.309017, 0.5, 0.0, 0.0, 0.0, 0.0, 1.0 ], [ 0.809017, -0.309017, 0.5, 0.0, 0.309017, -0.5, -0.809017, 0.0, 0.5, 0.809017, -0.309017, 0.0, 0.0, 0.0, 0.0, 1.0 ], [ 0.809017, 0.309017, -0.5, 0.0, 0.309017, 0.5, 0.809017, 0.0, 0.5, -0.809017, 0.309017, 0.0, 0.0, 0.0, 0.0, 1.0 ], [ 0.5, -0.809017, 0.309017, 0.0, 0.809017, 0.309017, -0.5, 0.0, 0.309017, 0.5, 0.809017, 0.0, 0.0, 0.0, 0.0, 1.0 ], [ 0.309017, 0.5, 0.809017, 0.0, 0.5, -0.809017, 0.309017, 0.0, 0.809017, 0.309017, -0.5, 0.0, 0.0, 0.0, 0.0, 1.0 ], [ 1.0, 0.0, 0.0, 0.0, 0.0, -1.0, 0.0, 0.0, 0.0, 0.0, -1.0, 0.0, 0.0, 0.0, 0.0, 1.0 ], [ 0.0, 0.0, 1.0, 0.0, -1.0, 0.0, 0.0, 0.0, 0.0, -1.0, 0.0, 0.0, 0.0, 0.0, 0.0, 1.0 ], [ 0.0, 1.0, 0.0, 0.0, 0.0, 0.0, -1.0, 0.0, -1.0, 0.0, 0.0, 0.0, 0.0, 0.0, 0.0, 1.0 ], [ 0.809017, 0.309017, 0.5, 0.0, -0.309017, -0.5, 0.809017, 0.0, 0.5, -0.809017, -0.309017, 0.0, 0.0, 0.0, 0.0, 1.0 ], [ -0.5, 0.809017, 0.309017, 0.0, -0.809017, -0.309017, -0.5, 0.0, -0.309017, -0.5, 0.809017, 0.0, 0.0, 0.0, 0.0, 1.0 ], [ 0.309017, 0.5, -0.809017, 0.0, 0.5, -0.809017, -0.309017, 0.0, -0.809017, -0.309017, -0.5, 0.0, 0.0, 0.0, 0.0, 1.0 ], [ 0.5, 0.809017, 0.309017, 0.0, -0.809017, 0.309017, 0.5, 0.0, 0.309017, -0.5, 0.809017, 0.0, 0.0, 0.0, 0.0, 1.0 ], [ -0.309017, 0.5, -0.809017, 0.0, -0.5, -0.809017, -0.309017, 0.0, -0.809017, 0.309017, 0.5, 0.0, 0.0, 0.0, 0.0, 1.0 ], [ 0.809017, -0.309017, -0.5, 0.0, 0.309017, -0.5, 0.809017, 0.0, -0.5, -0.809017, -0.309017, 0.0, 0.0, 0.0, 0.0, 1.0 ], [ 0.5, 0.809017, -0.309017, 0.0, -0.809017, 0.309017, -0.5, 0.0, -0.309017, 0.5, 0.809017, 0.0, 0.0, 0.0, 0.0, 1.0 ], [ 0.309017, -0.5, -0.809017, 0.0, -0.5, -0.809017, 0.309017, 0.0, -0.809017, 0.309017, -0.5, 0.0, 0.0, 0.0, 0.0, 1.0 ], [ 0.809017, -0.309017, 0.5, 0.0, -0.309017, 0.5, 0.809017, 0.0, -0.5, -0.809017, 0.309017, 0.0, 0.0, 0.0, 0.0, 1.0 ], [ 0.809017, 0.309017, -0.5, 0.0, -0.309017, -0.5, -0.809017, 0.0, -0.5, 0.809017, -0.309017, 0.0, 0.0, 0.0, 0.0, 1.0 ], [ 0.5, -0.809017, 0.309017, 0.0, -0.809017, -0.309017, 0.5, 0.0, -0.309017, -0.5, -0.809017, 0.0, 0.0, 0.0, 0.0, 1.0 ], [ 0.309017, 0.5, 0.809017, 0.0, -0.5, 0.809017, -0.309017, 0.0, -0.809017, -0.309017, 0.5, 0.0, 0.0, 0.0, 0.0, 1.0 ], [ -1.0, 0.0, 0.0, 0.0, 0.0, -1.0, 0.0, 0.0, 0.0, 0.0, 1.0, 0.0, 0.0, 0.0, 0.0, 1.0 ], [ 0.0, 0.0, -1.0, 0.0, -1.0, 0.0, 0.0, 0.0, 0.0, 1.0, 0.0, 0.0, 0.0, 0.0, 0.0, 1.0 ], [ 0.0, -1.0, 0.0, 0.0, 0.0, 0.0, -1.0, 0.0, 1.0, 0.0, 0.0, 0.0, 0.0, 0.0, 0.0, 1.0 ], [ -0.809017, -0.309017, -0.5, 0.0, -0.309017, -0.5, 0.809017, 0.0, -0.5, 0.809017, 0.309017, 0.0, 0.0, 0.0, 0.0, 1.0 ], [ 0.5, -0.809017, -0.309017, 0.0, -0.809017, -0.309017, -0.5, 0.0, 0.309017, 0.5, -0.809017, 0.0, 0.0, 0.0, 0.0, 1.0 ], [ -0.309017, -0.5, 0.809017, 0.0, 0.5, -0.809017, -0.309017, 0.0, 0.809017, 0.309017, 0.5, 0.0, 0.0, 0.0, 0.0, 1.0 ], [ -0.5, -0.809017, -0.309017, 0.0, -0.809017, 0.309017, 0.5, 0.0, -0.309017, 0.5, -0.809017, 0.0, 0.0, 0.0, 0.0, 1.0 ], [ 0.309017, -0.5, 0.809017, 0.0, -0.5, -0.809017, -0.309017, 0.0, 0.809017, -0.309017, -0.5, 0.0, 0.0, 0.0, 0.0, 1.0 ], [ -0.809017, 0.309017, 0.5, 0.0, 0.309017, -0.5, 0.809017, 0.0, 0.5, 0.809017, 0.309017, 0.0, 0.0, 0.0, 0.0, 1.0 ], [ -0.5, -0.809017, 0.309017, 0.0, -0.809017, 0.309017, -0.5, 0.0, 0.309017, -0.5, -0.809017, 0.0, 0.0, 0.0, 0.0, 1.0 ], [ -0.309017, 0.5, 0.809017, 0.0, -0.5, -0.809017, 0.309017, 0.0, 0.809017, -0.309017, 0.5, 0.0, 0.0, 0.0, 0.0, 1.0 ], [ -0.809017, 0.309017, -0.5, 0.0, -0.309017, 0.5, 0.809017, 0.0, 0.5, 0.809017, -0.309017, 0.0, 0.0, 0.0, 0.0, 1.0 ], [ -0.809017, -0.309017, 0.5, 0.0, -0.309017, -0.5, -0.809017, 0.0, 0.5, -0.809017, 0.309017, 0.0, 0.0, 0.0, 0.0, 1.0 ], [ -0.5, 0.809017, -0.309017, 0.0, -0.809017, -0.309017, 0.5, 0.0, 0.309017, 0.5, 0.809017, 0.0, 0.0, 0.0, 0.0, 1.0 ], [ -0.309017, -0.5, -0.809017, 0.0, -0.5, 0.809017, -0.309017, 0.0, 0.809017, 0.309017, -0.5, 0.0, 0.0, 0.0, 0.0, 1.0 ], [ -1.0, 0.0, 0.0, 0.0, 0.0, 1.0, 0.0, 0.0, 0.0, 0.0, -1.0, 0.0, 0.0, 0.0, 0.0, 1.0 ], [ 0.0, 0.0, -1.0, 0.0, 1.0, 0.0, 0.0, 0.0, 0.0, -1.0, 0.0, 0.0, 0.0, 0.0, 0.0, 1.0 ], [ 0.0, -1.0, 0.0, 0.0, 0.0, 0.0, 1.0, 0.0, -1.0, 0.0, 0.0, 0.0, 0.0, 0.0, 0.0, 1.0 ], [ -0.809017, -0.309017, -0.5, 0.0, 0.309017, 0.5, -0.809017, 0.0, 0.5, -0.809017, -0.309017, 0.0, 0.0, 0.0, 0.0, 1.0 ], [ 0.5, -0.809017, -0.309017, 0.0, 0.809017, 0.309017, 0.5, 0.0, -0.309017, -0.5, 0.809017, 0.0, 0.0, 0.0, 0.0, 1.0 ], [ -0.309017, -0.5, 0.809017, 0.0, -0.5, 0.809017, 0.309017, 0.0, -0.809017, -0.309017, -0.5, 0.0, 0.0, 0.0, 0.0, 1.0 ], [ -0.5, -0.809017, -0.309017, 0.0, 0.809017, -0.309017, -0.5, 0.0, 0.309017, -0.5, 0.809017, 0.0, 0.0, 0.0, 0.0, 1.0 ], [ 0.309017, -0.5, 0.809017, 0.0, 0.5, 0.809017, 0.309017, 0.0, -0.809017, 0.309017, 0.5, 0.0, 0.0, 0.0, 0.0, 1.0 ], [ -0.809017, 0.309017, 0.5, 0.0, -0.309017, 0.5, -0.809017, 0.0, -0.5, -0.809017, -0.309017, 0.0, 0.0, 0.0, 0.0, 1.0 ], [ -0.5, -0.809017, 0.309017, 0.0, 0.809017, -0.309017, 0.5, 0.0, -0.309017, 0.5, 0.809017, 0.0, 0.0, 0.0, 0.0, 1.0 ], [ -0.309017, 0.5, 0.809017, 0.0, 0.5, 0.809017, -0.309017, 0.0, -0.809017, 0.309017, -0.5, 0.0, 0.0, 0.0, 0.0, 1.0 ], [ -0.809017, 0.309017, -0.5, 0.0, 0.309017, -0.5, -0.809017, 0.0, -0.5, -0.809017, 0.309017, 0.0, 0.0, 0.0, 0.0, 1.0 ], [ -0.809017, -0.309017, 0.5, 0.0, 0.309017, 0.5, 0.809017, 0.0, -0.5, 0.809017, -0.309017, 0.0, 0.0, 0.0, 0.0, 1.0 ], [ -0.5, 0.809017, -0.309017, 0.0, 0.809017, 0.309017, -0.5, 0.0, -0.309017, -0.5, -0.809017, 0.0, 0.0, 0.0, 0.0, 1.0 ], [ -0.309017, -0.5, -0.809017, 0.0, 0.5, -0.809017, 0.309017, 0.0, -0.809017, -0.309017, 0.5, 0.0, 0.0, 0.0, 0.0, 1.0 ] ],
  "lights" : {
    "directionalLights" : [ {
      "direction" : [ 1.0, -1.0, -1.0 ],
      "color" : "#EBEBE4"
    }, {
      "direction" : [ -1.0, 0.0, 0.0 ],
      "color" : "#E4E4EB"
    }, {
      "direction" : [ 0.0, 0.0, -1.0 ],
      "color" : "#1E1E1E"
    } ],
    "ambientColor" : "#292929",
    "backgroundColor" : "#AFC8DC"
  },
  "camera" : {
    "position" : {
      "x" : 47.398636,
      "y" : -794.18365,
      "z" : 433.11908
    },
    "perspective" : true,
    "viewDistance" : 905.8551,
    "nearClipDistance" : 2.2646377,
    "farClipDistance" : 1811.7086,
    "lookAtPoint" : {
      "x" : 0.0,
      "y" : 0.0,
      "z" : 0.0
    },
    "fieldOfView" : 0.44262886,
    "lookDirection" : {
      "x" : -0.052324742,
      "y" : 0.87672263,
      "z" : -0.47813284
    },
    "upDirection" : {
      "x" : 0.024517065,
      "y" : 0.479777,
      "z" : 0.8770492
    },
    "stereo" : false,
    "width" : 407.6348
  },
  "embedding" : [ 1.0, 0.0, 0.0, 0.0, 0.0, 1.0, 0.0, 0.0, 0.0, 0.0, 1.0, 0.0, 0.0, 0.0, 0.0, 1.0 ],
  "shapes" : [ {
    "id" : "ebc470e7-2c33-432a-8abc-7e9b9086bcf0",
    "vertices" : [ {
      "x" : 88.688736,
      "y" : 33.876083,
      "z" : -12.939512
    }, {
      "x" : 88.30677,
      "y" : 33.42117,
      "z" : -12.748529
    }, {
      "x" : 88.143654,
      "y" : 33.6851,
      "z" : -13.17558
    }, {
      "x" : 88.0707,
      "y" : 33.94903,
      "z" : -12.984597
    }, {
      "x" : 0.85410196,
      "y" : 0.309017,
      "z" : 0.19098301
    }, {
      "x" : 0.690983,
      "y" : 0.572949,
      "z" : -0.23606798
    }, {
      "x" : 0.309017,
      "y" : 0.11803399,
      "z" : -0.045084972
    }, {
      "x" : 0.76393205,
      "y" : 0.309017,
      "z" : -0.42705098
    }, {
      "x" : 0.927051,
      "y" : 0.045084972,
      "z" : 0.0
    }, {
      "x" : 88.23382,
      "y" : 33.6851,
      "z" : -12.557547
    }, {
      "x" : 88.99775,
      "y" : 33.994118,
      "z" : -12.984597
    } ],
    "faces" : [ {
      "vertices" : [ 2, 7, 5 ]
    }, {
      "vertices" : [ 2, 5, 3 ]
    }, {
      "vertices" : [ 1, 8, 7 ]
    }, {
      "vertices" : [ 1, 7, 2 ]
    }, {
      "vertices" : [ 4, 6, 8 ]
    }, {
      "vertices" : [ 5, 7, 6 ]
    }, {
      "vertices" : [ 0, 1, 2 ]
    }, {
      "vertices" : [ 0, 2, 3 ]
    }, {
      "vertices" : [ 6, 7, 8 ]
    }, {
      "vertices" : [ 3, 5, 4 ]
    }, {
      "vertices" : [ 3, 4, 9 ]
    }, {
      "vertices" : [ 1, 9, 4 ]
    }, {
      "vertices" : [ 1, 4, 8 ]
    }, {
      "vertices" : [ 0, 9, 1 ]
    }, {
      "vertices" : [ 0, 3, 9 ]
    }, {
      "vertices" : [ 4, 5, 6 ]
    } ]
  }, {
    "id" : "bc39aa97-4b23-4308-ac11-a798d453c95d",
    "vertices" : [ {
      "x" : 1.0,
      "y" : 0.309017,
      "z" : 0.19098301
    }, {
      "x" : 1.0,
      "y" : -0.309017,
      "z" : 0.19098301
    }, {
      "x" : 34.888542,
      "y" : -0.309017,
      "z" : 0.19098301
    }, {
      "x" : 34.888542,
      "y" : 0.309017,
      "z" : 0.19098301
    }, {
      "x" : 34.888542,
      "y" : -0.309017,
      "z" : -0.19098301
    }, {
      "x" : 34.888542,
      "y" : 0.309017,
      "z" : -0.19098301
    }, {
      "x" : 35.506577,
      "y" : 0.0,
      "z" : 0.0
    }, {
      "x" : 0.38196602,
      "y" : 0.0,
      "z" : 0.0
    }, {
      "x" : 1.0,
      "y" : 0.309017,
      "z" : -0.19098301
    }, {
      "x" : 1.0,
      "y" : -0.309017,
      "z" : -0.19098301
    }, {
      "x" : 35.888542,
      "y" : 0.0,
      "z" : 0.0
    } ],
    "faces" : [ {
      "vertices" : [ 1, 9, 4 ]
    }, {
      "vertices" : [ 1, 4, 2 ]
    }, {
      "vertices" : [ 0, 3, 5 ]
    }, {
      "vertices" : [ 0, 5, 8 ]
    }, {
      "vertices" : [ 1, 7, 9 ]
    }, {
      "vertices" : [ 0, 1, 2 ]
    }, {
      "vertices" : [ 0, 2, 3 ]
    }, {
      "vertices" : [ 7, 8, 9 ]
    }, {
      "vertices" : [ 0, 7, 1 ]
    }, {
      "vertices" : [ 4, 9, 8 ]
    }, {
      "vertices" : [ 4, 8, 5 ]
    }, {
      "vertices" : [ 2, 6, 3 ]
    }, {
      "vertices" : [ 2, 4, 6 ]
    }, {
      "vertices" : [ 3, 6, 5 ]
    }, {
      "vertices" : [ 4, 5, 6 ]
    }, {
      "vertices" : [ 0, 8, 7 ]
    } ]
  }, {
    "id" : "310e5342-f61f-41ed-aa6a-7e190d0a9a54",
    "vertices" : [ {
      "x" : 12.67558,
      "y" : 4.841641,
      "z" : -1.8493422
    }, {
      "x" : 12.293614,
      "y" : 4.386726,
      "z" : -1.6583592
    }, {
      "x" : 12.130495,
      "y" : 4.6506577,
      "z" : -2.08541
    }, {
      "x" : 12.057547,
      "y" : 4.91459,
      "z" : -1.8944272
    }, {
      "x" : 0.85410196,
      "y" : 0.309017,
      "z" : 0.19098301
    }, {
      "x" : 0.690983,
      "y" : 0.572949,
      "z" : -0.23606798
    }, {
      "x" : 0.309017,
      "y" : 0.11803399,
      "z" : -0.045084972
    }, {
      "x" : 0.76393205,
      "y" : 0.309017,
      "z" : -0.42705098
    }, {
      "x" : 0.927051,
      "y" : 0.045084972,
      "z" : 0.0
    }, {
      "x" : 12.220665,
      "y" : 4.6506577,
      "z" : -1.4673762
    }, {
      "x" : 12.984597,
      "y" : 4.959675,
      "z" : -1.8944272
    } ],
    "faces" : [ {
      "vertices" : [ 2, 7, 5 ]
    }, {
      "vertices" : [ 2, 5, 3 ]
    }, {
      "vertices" : [ 1, 8, 7 ]
    }, {
      "vertices" : [ 1, 7, 2 ]
    }, {
      "vertices" : [ 4, 6, 8 ]
    }, {
      "vertices" : [ 5, 7, 6 ]
    }, {
      "vertices" : [ 0, 1, 2 ]
    }, {
      "vertices" : [ 0, 2, 3 ]
    }, {
      "vertices" : [ 6, 7, 8 ]
    }, {
      "vertices" : [ 3, 5, 4 ]
    }, {
      "vertices" : [ 3, 4, 9 ]
    }, {
      "vertices" : [ 1, 9, 4 ]
    }, {
      "vertices" : [ 1, 4, 8 ]
    }, {
      "vertices" : [ 0, 9, 1 ]
    }, {
      "vertices" : [ 0, 3, 9 ]
    }, {
      "vertices" : [ 4, 5, 6 ]
    } ]
  }, {
    "id" : "1c06cac6-c457-4d93-8efd-c063b56c1e0c",
    "vertices" : [ {
      "x" : 46.978714,
      "y" : -21.00952,
      "z" : 21.00952
    }, {
      "x" : 35.888542,
      "y" : -29.034441,
      "z" : 17.944271
    }, {
      "x" : 33.994118,
      "y" : -42.01904,
      "z" : 12.984597
    }, {
      "x" : 122.99187,
      "y" : -76.01315,
      "z" : 0.0
    } ],
    "faces" : [ {
      "vertices" : [ 0, 1, 2 ]
    }, {
      "vertices" : [ 0, 2, 3 ]
    }, {
      "vertices" : [ 0, 3, 2 ]
    }, {
      "vertices" : [ 0, 2, 1 ]
    } ]
  }, {
    "id" : "9c3c3e17-ea36-46a0-9c06-8fc293c298da",
    "vertices" : [ {
      "x" : 46.978714,
      "y" : 46.978714,
      "z" : -46.978714
    }, {
      "x" : 42.01904,
      "y" : 12.984597,
      "z" : -33.994118
    }, {
      "x" : 29.034441,
      "y" : 17.944271,
      "z" : -35.888542
    } ],
    "faces" : [ {
      "vertices" : [ 0, 1, 2 ]
    }, {
      "vertices" : [ 0, 2, 1 ]
    } ]
  }, {
    "id" : "2405874b-a3ec-412a-9589-4156b0ce334f",
    "vertices" : [ {
      "x" : -76.01315,
      "y" : 0.0,
      "z" : -29.034441
    }, {
      "x" : -42.01904,
      "y" : 12.984597,
      "z" : -33.994118
    }, {
      "x" : -40.12461,
      "y" : 0.0,
      "z" : -29.034441
    } ],
    "faces" : [ {
      "vertices" : [ 0, 1, 2 ]
    }, {
      "vertices" : [ 0, 2, 1 ]
    } ]
  }, {
    "id" : "1e1eda28-4b43-4c4d-8b44-723d19d8e054",
    "vertices" : [ {
      "x" : 33.6851,
      "y" : 12.866563,
      "z" : -4.91459
    }, {
      "x" : 33.303135,
      "y" : 12.411648,
      "z" : -4.7236066
    }, {
      "x" : 33.140015,
      "y" : 12.67558,
      "z" : -5.1506577
    }, {
      "x" : 33.067066,
      "y" : 12.939512,
      "z" : -4.959675
    }, {
      "x" : 0.85410196,
      "y" : 0.309017,
      "z" : 0.19098301
    }, {
      "x" : 0.690983,
      "y" : 0.572949,
      "z" : -0.23606798
    }, {
      "x" : 0.309017,
      "y" : 0.11803399,
      "z" : -0.045084972
    }, {
      "x" : 0.76393205,
      "y" : 0.309017,
      "z" : -0.42705098
    }, {
      "x" : 0.927051,
      "y" : 0.045084972,
      "z" : 0.0
    }, {
      "x" : 33.230186,
      "y" : 12.67558,
      "z" : -4.532624
    }, {
      "x" : 33.994118,
      "y" : 12.984597,
      "z" : -4.959675
    } ],
    "faces" : [ {
      "vertices" : [ 2, 7, 5 ]
    }, {
      "vertices" : [ 2, 5, 3 ]
    }, {
      "vertices" : [ 1, 8, 7 ]
    }, {
      "vertices" : [ 1, 7, 2 ]
    }, {
      "vertices" : [ 4, 6, 8 ]
    }, {
      "vertices" : [ 5, 7, 6 ]
    }, {
      "vertices" : [ 0, 1, 2 ]
    }, {
      "vertices" : [ 0, 2, 3 ]
    }, {
      "vertices" : [ 6, 7, 8 ]
    }, {
      "vertices" : [ 3, 5, 4 ]
    }, {
      "vertices" : [ 3, 4, 9 ]
    }, {
      "vertices" : [ 1, 9, 4 ]
    }, {
      "vertices" : [ 1, 4, 8 ]
    }, {
      "vertices" : [ 0, 9, 1 ]
    }, {
      "vertices" : [ 0, 3, 9 ]
    }, {
      "vertices" : [ 4, 5, 6 ]
    } ]
  }, {
    "id" : "bf45d0f4-46a1-4b7c-a84e-4bf6c477ffce",
    "vertices" : [ {
      "x" : 0.0,
      "y" : -122.99187,
      "z" : -76.01315
    }, {
      "x" : -29.034441,
      "y" : -76.01315,
      "z" : 0.0
    }, {
      "x" : -21.00952,
      "y" : -46.978714,
      "z" : -21.00952
    } ],
    "faces" : [ {
      "vertices" : [ 0, 1, 2 ]
    }, {
      "vertices" : [ 0, 2, 1 ]
    } ]
  }, {
    "id" : "fe552a9e-2d5b-49f7-976a-2f19ae66928b",
    "vertices" : [ {
      "x" : -42.01904,
      "y" : 12.984597,
      "z" : -33.994118
    }, {
      "x" : -29.034441,
      "y" : 17.944271,
      "z" : -35.888542
    }, {
      "x" : -21.00952,
      "y" : 21.00952,
      "z" : -46.978714
    }, {
      "x" : -76.01315,
      "y" : 0.0,
      "z" : -122.99187
    } ],
    "faces" : [ {
      "vertices" : [ 0, 1, 2 ]
    }, {
      "vertices" : [ 0, 2, 3 ]
    }, {
      "vertices" : [ 0, 3, 2 ]
    }, {
      "vertices" : [ 0, 2, 1 ]
    } ]
  }, {
    "id" : "6c411593-bbf7-4570-b481-fc67706912a0",
    "vertices" : [ {
      "x" : 42.01904,
      "y" : 12.984597,
      "z" : -33.994118
    }, {
      "x" : 40.12461,
      "y" : 0.0,
      "z" : -29.034441
    }, {
      "x" : 42.01904,
      "y" : -12.984597,
      "z" : -33.994118
    }, {
      "x" : 76.01315,
      "y" : 0.0,
      "z" : -122.99187
    } ],
    "faces" : [ {
      "vertices" : [ 0, 1, 2 ]
    }, {
      "vertices" : [ 0, 2, 3 ]
    }, {
      "vertices" : [ 0, 3, 2 ]
    }, {
      "vertices" : [ 0, 2, 1 ]
    } ]
  }, {
    "id" : "588f04e6-8852-444e-a42c-9d3c07bec3fa",
    "vertices" : [ {
      "x" : -33.994118,
      "y" : 42.01904,
      "z" : -12.984597
    }, {
      "x" : -35.888542,
      "y" : 29.034441,
      "z" : -17.944271
    }, {
      "x" : -46.978714,
      "y" : 21.00952,
      "z" : -21.00952
    }, {
      "x" : -122.99187,
      "y" : 76.01315,
      "z" : 0.0
    } ],
    "faces" : [ {
      "vertices" : [ 0, 1, 2 ]
    }, {
      "vertices" : [ 0, 2, 3 ]
    }, {
      "vertices" : [ 0, 3, 2 ]
    }, {
      "vertices" : [ 0, 2, 1 ]
    } ]
  }, {
    "id" : "1e3c403c-25ab-4435-8ecc-434222d8d187",
    "vertices" : [ {
      "x" : 76.01315,
      "y" : 0.0,
      "z" : 29.034441
    }, {
      "x" : 46.978714,
      "y" : 21.00952,
      "z" : 21.00952
    }, {
      "x" : 46.978714,
      "y" : 11.09017,
      "z" : 11.09017
    } ],
    "faces" : [ {
      "vertices" : [ 0, 1, 2 ]
    }, {
      "vertices" : [ 0, 2, 1 ]
    } ]
  }, {
    "id" : "1876afb9-c8d1-4337-86b8-6a2a9383df58",
    "vertices" : [ {
      "x" : 0.0,
      "y" : 122.99187,
      "z" : -76.01315
    }, {
      "x" : -29.034441,
      "y" : 76.01315,
      "z" : 0.0
    }, {
      "x" : 0.0,
      "y" : 55.003635,
      "z" : -8.024922
    } ],
    "faces" : [ {
      "vertices" : [ 0, 1, 2 ]
    }, {
      "vertices" : [ 0, 2, 1 ]
    } ]
  }, {
    "id" : "b40d9e65-2a40-4c13-b687-80141ec91ee7",
    "vertices" : [ {
      "x" : 1.0,
      "y" : 0.309017,
      "z" : 0.19098301
    }, {
      "x" : 1.0,
      "y" : -0.309017,
      "z" : 0.19098301
    }, {
      "x" : 92.95743,
      "y" : -0.309017,
      "z" : 0.19098301
    }, {
      "x" : 92.95743,
      "y" : 0.309017,
      "z" : 0.19098301
    }, {
      "x" : 92.95743,
      "y" : -0.309017,
      "z" : -0.19098301
    }, {
      "x" : 92.95743,
      "y" : 0.309017,
      "z" : -0.19098301
    }, {
      "x" : 93.57546,
      "y" : 0.0,
      "z" : 0.0
    }, {
      "x" : 0.38196602,
      "y" : 0.0,
      "z" : 0.0
    }, {
      "x" : 1.0,
      "y" : 0.309017,
      "z" : -0.19098301
    }, {
      "x" : 1.0,
      "y" : -0.309017,
      "z" : -0.19098301
    }, {
      "x" : 93.95743,
      "y" : 0.0,
      "z" : 0.0
    } ],
    "faces" : [ {
      "vertices" : [ 1, 9, 4 ]
    }, {
      "vertices" : [ 1, 4, 2 ]
    }, {
      "vertices" : [ 0, 3, 5 ]
    }, {
      "vertices" : [ 0, 5, 8 ]
    }, {
      "vertices" : [ 1, 7, 9 ]
    }, {
      "vertices" : [ 0, 1, 2 ]
    }, {
      "vertices" : [ 0, 2, 3 ]
    }, {
      "vertices" : [ 7, 8, 9 ]
    }, {
      "vertices" : [ 0, 7, 1 ]
    }, {
      "vertices" : [ 4, 9, 8 ]
    }, {
      "vertices" : [ 4, 8, 5 ]
    }, {
      "vertices" : [ 2, 6, 3 ]
    }, {
      "vertices" : [ 2, 4, 6 ]
    }, {
      "vertices" : [ 3, 6, 5 ]
    }, {
      "vertices" : [ 4, 5, 6 ]
    }, {
      "vertices" : [ 0, 8, 7 ]
    } ]
  }, {
    "id" : "17477963-e4ff-4118-b1b3-5cf0b78b519c",
    "vertices" : [ {
      "x" : 46.978714,
      "y" : -46.978714,
      "z" : -46.978714
    }, {
      "x" : 46.978714,
      "y" : -21.00952,
      "z" : -21.00952
    }, {
      "x" : 35.888542,
      "y" : -29.034441,
      "z" : -17.944271
    } ],
    "faces" : [ {
      "vertices" : [ 0, 1, 2 ]
    }, {
      "vertices" : [ 0, 2, 1 ]
    } ]
  }, {
    "id" : "4ed291cf-d978-40c7-9eec-71dfd3fbf07d",
    "vertices" : [ {
      "x" : -76.01315,
      "y" : 0.0,
      "z" : 29.034441
    }, {
      "x" : -55.003635,
      "y" : -8.024922,
      "z" : 0.0
    }, {
      "x" : -46.978714,
      "y" : -11.09017,
      "z" : 11.09017
    } ],
    "faces" : [ {
      "vertices" : [ 0, 1, 2 ]
    }, {
      "vertices" : [ 0, 2, 1 ]
    } ]
  }, {
    "id" : "ef361502-ea08-49ce-8d47-4978fd6f35b9",
    "vertices" : [ {
      "x" : -122.99187,
      "y" : -76.01315,
      "z" : 0.0
    }, {
      "x" : -46.978714,
      "y" : -46.978714,
      "z" : -46.978714
    }, {
      "x" : -33.994118,
      "y" : -42.01904,
      "z" : -12.984597
    } ],
    "faces" : [ {
      "vertices" : [ 0, 1, 2 ]
    }, {
      "vertices" : [ 0, 2, 1 ]
    } ]
  }, {
    "id" : "a736bfbf-952a-4924-b783-60e777488f0b",
    "vertices" : [ {
      "x" : -46.978714,
      "y" : -21.00952,
      "z" : -21.00952
    }, {
      "x" : -35.888542,
      "y" : -29.034441,
      "z" : -17.944271
    }, {
      "x" : -33.994118,
      "y" : -42.01904,
      "z" : -12.984597
    }, {
      "x" : -122.99187,
      "y" : -76.01315,
      "z" : 0.0
    } ],
    "faces" : [ {
      "vertices" : [ 0, 1, 2 ]
    }, {
      "vertices" : [ 0, 2, 3 ]
    }, {
      "vertices" : [ 0, 3, 2 ]
    }, {
      "vertices" : [ 0, 2, 1 ]
    } ]
  }, {
    "id" : "ce495fdd-69f8-4d4d-ae2f-c536e7bc04f1",
    "vertices" : [ {
      "x" : -42.01904,
      "y" : 12.984597,
      "z" : -33.994118
    }, {
      "x" : -46.978714,
      "y" : 46.978714,
      "z" : -46.978714
    }, {
      "x" : -76.01315,
      "y" : 0.0,
      "z" : -122.99187
    } ],
    "faces" : [ {
      "vertices" : [ 0, 1, 2 ]
    }, {
      "vertices" : [ 0, 2, 1 ]
    } ]
  }, {
    "id" : "2dc04b1c-921d-48e0-bd3b-027f53d2762a",
    "vertices" : [ {
      "x" : 55.003635,
      "y" : -8.024922,
      "z" : 0.0
    }, {
      "x" : 76.01315,
      "y" : 0.0,
      "z" : 29.034441
    }, {
      "x" : 122.99187,
      "y" : -76.01315,
      "z" : 0.0
    } ],
    "faces" : [ {
      "vertices" : [ 0, 1, 2 ]
    }, {
      "vertices" : [ 0, 2, 1 ]
    } ]
  }, {
    "id" : "94e598a6-c4de-4551-9bb1-02398cdc95c8",
    "vertices" : [ {
      "x" : 0.0,
      "y" : 122.99187,
      "z" : -76.01315
    }, {
      "x" : -46.978714,
      "y" : 46.978714,
      "z" : -46.978714
    }, {
      "x" : -21.00952,
      "y" : 46.978714,
      "z" : -21.00952
    } ],
    "faces" : [ {
      "vertices" : [ 0, 1, 2 ]
    }, {
      "vertices" : [ 0, 2, 1 ]
    } ]
  }, {
    "id" : "7dbde68d-e955-4d6b-a268-5c9a64bd01df",
    "vertices" : [ {
      "x" : -46.978714,
      "y" : -46.978714,
      "z" : 46.978714
    }, {
      "x" : -46.978714,
      "y" : -21.00952,
      "z" : 21.00952
    }, {
      "x" : -35.888542,
      "y" : -29.034441,
      "z" : 17.944271
    } ],
    "faces" : [ {
      "vertices" : [ 0, 1, 2 ]
    }, {
      "vertices" : [ 0, 2, 1 ]
    } ]
  }, {
    "id" : "a9fe20fb-bf84-40be-97fa-f693e66f8230",
    "vertices" : [ {
      "x" : 42.01904,
      "y" : -12.984597,
      "z" : -33.994118
    }, {
      "x" : 29.034441,
      "y" : -17.944271,
      "z" : -35.888542
    }, {
      "x" : 21.00952,
      "y" : -21.00952,
      "z" : -46.978714
    }, {
      "x" : 76.01315,
      "y" : 0.0,
      "z" : -122.99187
    } ],
    "faces" : [ {
      "vertices" : [ 0, 1, 2 ]
    }, {
      "vertices" : [ 0, 2, 3 ]
    }, {
      "vertices" : [ 0, 3, 2 ]
    }, {
      "vertices" : [ 0, 2, 1 ]
    } ]
  }, {
    "id" : "0cab1a61-d454-46c8-ac38-56437ab37ccb",
    "vertices" : [ {
      "x" : 33.994118,
      "y" : -42.01904,
      "z" : 12.984597
    }, {
      "x" : 29.034441,
      "y" : -76.01315,
      "z" : 0.0
    }, {
      "x" : 122.99187,
      "y" : -76.01315,
      "z" : 0.0
    } ],
    "faces" : [ {
      "vertices" : [ 0, 1, 2 ]
    }, {
      "vertices" : [ 0, 2, 1 ]
    } ]
  }, {
    "id" : "89467587-c54b-4507-8b55-53be855ce9c5",
    "vertices" : [ {
      "x" : 46.978714,
      "y" : -21.00952,
      "z" : -21.00952
    }, {
      "x" : 46.978714,
      "y" : -11.09017,
      "z" : -11.09017
    }, {
      "x" : 55.003635,
      "y" : -8.024922,
      "z" : 0.0
    }, {
      "x" : 122.99187,
      "y" : -76.01315,
      "z" : 0.0
    } ],
    "faces" : [ {
      "vertices" : [ 0, 1, 2 ]
    }, {
      "vertices" : [ 0, 2, 3 ]
    }, {
      "vertices" : [ 0, 3, 2 ]
    }, {
      "vertices" : [ 0, 2, 1 ]
    } ]
  }, {
    "id" : "7ef6fc5e-0003-4c2b-a5d6-f745d7a7f65e",
    "vertices" : [ {
      "x" : 0.0,
      "y" : -29.034441,
      "z" : -76.01315
    }, {
      "x" : -21.00952,
      "y" : -21.00952,
      "z" : -46.978714
    }, {
      "x" : -11.09017,
      "y" : -11.09017,
      "z" : -46.978714
    } ],
    "faces" : [ {
      "vertices" : [ 0, 1, 2 ]
    }, {
      "vertices" : [ 0, 2, 1 ]
    } ]
  }, {
    "id" : "ff718977-44cc-461e-a724-825157617840",
    "vertices" : [ {
      "x" : -46.978714,
      "y" : -46.978714,
      "z" : -46.978714
    }, {
      "x" : -42.01904,
      "y" : -12.984597,
      "z" : -33.994118
    }, {
      "x" : -29.034441,
      "y" : -17.944271,
      "z" : -35.888542
    } ],
    "faces" : [ {
      "vertices" : [ 0, 1, 2 ]
    }, {
      "vertices" : [ 0, 2, 1 ]
    } ]
  }, {
    "id" : "e7a54d48-c57e-4e95-b5f7-1b44fa26ef0f",
    "vertices" : [ {
      "x" : 21.00952,
      "y" : -46.978714,
      "z" : -21.00952
    }, {
      "x" : 11.09017,
      "y" : -46.978714,
      "z" : -11.09017
    }, {
      "x" : 0.0,
      "y" : -55.003635,
      "z" : -8.024922
    }, {
      "x" : 0.0,
      "y" : -122.99187,
      "z" : -76.01315
    } ],
    "faces" : [ {
      "vertices" : [ 0, 1, 2 ]
    }, {
      "vertices" : [ 0, 2, 3 ]
    }, {
      "vertices" : [ 0, 3, 2 ]
    }, {
      "vertices" : [ 0, 2, 1 ]
    } ]
  }, {
    "id" : "7fcbc843-2d5a-4dbd-98e7-7692e6ff7d72",
    "vertices" : [ {
      "x" : -55.003635,
      "y" : -8.024922,
      "z" : 0.0
    }, {
      "x" : -46.978714,
      "y" : -11.09017,
      "z" : -11.09017
    }, {
      "x" : -46.978714,
      "y" : -21.00952,
      "z" : -21.00952
    }, {
      "x" : -122.99187,
      "y" : -76.01315,
      "z" : 0.0
    } ],
    "faces" : [ {
      "vertices" : [ 0, 1, 2 ]
    }, {
      "vertices" : [ 0, 2, 3 ]
    }, {
      "vertices" : [ 0, 3, 2 ]
    }, {
      "vertices" : [ 0, 2, 1 ]
    } ]
  }, {
    "id" : "57cbd1ab-dbf2-499c-8302-f6be186b72b3",
    "vertices" : [ {
      "x" : -46.978714,
      "y" : -46.978714,
      "z" : 46.978714
    }, {
      "x" : -33.994118,
      "y" : -42.01904,
      "z" : 12.984597
    }, {
      "x" : -35.888542,
      "y" : -29.034441,
      "z" : 17.944271
    } ],
    "faces" : [ {
      "vertices" : [ 0, 1, 2 ]
    }, {
      "vertices" : [ 0, 2, 1 ]
    } ]
  }, {
    "id" : "cdd9e857-b173-43e0-a03d-efd0be23313c",
    "vertices" : [ {
      "x" : -29.034441,
      "y" : 76.01315,
      "z" : 0.0
    }, {
      "x" : -33.994118,
      "y" : 42.01904,
      "z" : 12.984597
    }, {
      "x" : -29.034441,
      "y" : 40.12461,
      "z" : 0.0
    } ],
    "faces" : [ {
      "vertices" : [ 0, 1, 2 ]
    }, {
      "vertices" : [ 0, 2, 1 ]
    } ]
  }, {
    "id" : "389e878b-fe85-4510-8eb1-4a513dc6d8aa",
    "vertices" : [ {
      "x" : 0.0,
      "y" : -55.003635,
      "z" : 8.024922
    }, {
      "x" : 29.034441,
      "y" : -76.01315,
      "z" : 0.0
    }, {
      "x" : 0.0,
      "y" : -122.99187,
      "z" : 76.01315
    } ],
    "faces" : [ {
      "vertices" : [ 0, 1, 2 ]
    }, {
      "vertices" : [ 0, 2, 1 ]
    } ]
  }, {
    "id" : "c0ad8275-327d-4a96-aa23-f1fc063c58c7",
    "vertices" : [ {
      "x" : -29.034441,
      "y" : -76.01315,
      "z" : 0.0
    }, {
      "x" : -21.00952,
      "y" : -46.978714,
      "z" : -21.00952
    }, {
      "x" : -11.09017,
      "y" : -46.978714,
      "z" : -11.09017
    } ],
    "faces" : [ {
      "vertices" : [ 0, 1, 2 ]
    }, {
      "vertices" : [ 0, 2, 1 ]
    } ]
  }, {
    "id" : "76b97af8-f7e8-4c36-a3f3-0bb3e2ab8d5c",
    "vertices" : [ {
      "x" : 122.99187,
      "y" : 76.01315,
      "z" : 0.0
    }, {
      "x" : 29.034441,
      "y" : 76.01315,
      "z" : 0.0
    }, {
      "x" : 33.994118,
      "y" : 42.01904,
      "z" : 12.984597
    } ],
    "faces" : [ {
      "vertices" : [ 0, 1, 2 ]
    }, {
      "vertices" : [ 0, 2, 1 ]
    } ]
  }, {
    "id" : "cbb8bbed-3032-4fb5-af24-fb630d73c902",
    "vertices" : [ {
      "x" : -122.99187,
      "y" : 76.01315,
      "z" : 0.0
    }, {
      "x" : -29.034441,
      "y" : 76.01315,
      "z" : 0.0
    }, {
      "x" : -33.994118,
      "y" : 42.01904,
      "z" : -12.984597
    } ],
    "faces" : [ {
      "vertices" : [ 0, 1, 2 ]
    }, {
      "vertices" : [ 0, 2, 1 ]
    } ]
  }, {
    "id" : "232611c1-4df9-4a1c-a10b-0161c0150861",
    "vertices" : [ {
      "x" : -33.994118,
      "y" : 42.01904,
      "z" : 12.984597
    }, {
      "x" : -29.034441,
      "y" : 76.01315,
      "z" : 0.0
    }, {
      "x" : -122.99187,
      "y" : 76.01315,
      "z" : 0.0
    } ],
    "faces" : [ {
      "vertices" : [ 0, 1, 2 ]
    }, {
      "vertices" : [ 0, 2, 1 ]
    } ]
  }, {
    "id" : "e72e53e8-8e51-4a67-a3d8-afd5c965713b",
    "vertices" : [ {
      "x" : 76.01315,
      "y" : 0.0,
      "z" : -29.034441
    }, {
      "x" : 42.01904,
      "y" : 12.984597,
      "z" : -33.994118
    }, {
      "x" : 40.12461,
      "y" : 0.0,
      "z" : -29.034441
    } ],
    "faces" : [ {
      "vertices" : [ 0, 1, 2 ]
    }, {
      "vertices" : [ 0, 2, 1 ]
    } ]
  }, {
    "id" : "3c566dc5-e28d-42b3-848c-1ad21ef58ab6",
    "vertices" : [ {
      "x" : -46.978714,
      "y" : -21.00952,
      "z" : -21.00952
    }, {
      "x" : -46.978714,
      "y" : -46.978714,
      "z" : -46.978714
    }, {
      "x" : -122.99187,
      "y" : -76.01315,
      "z" : 0.0
    } ],
    "faces" : [ {
      "vertices" : [ 0, 1, 2 ]
    }, {
      "vertices" : [ 0, 2, 1 ]
    } ]
  }, {
    "id" : "85621232-9bf1-43c9-857f-f235f7424fb7",
    "vertices" : [ {
      "x" : 76.01315,
      "y" : 0.0,
      "z" : 29.034441
    }, {
      "x" : 55.003635,
      "y" : -8.024922,
      "z" : 0.0
    }, {
      "x" : 46.978714,
      "y" : -11.09017,
      "z" : 11.09017
    } ],
    "faces" : [ {
      "vertices" : [ 0, 1, 2 ]
    }, {
      "vertices" : [ 0, 2, 1 ]
    } ]
  }, {
    "id" : "31b21af2-deba-4227-a769-8e88adc669cb",
    "vertices" : [ {
      "x" : 8.024922,
      "y" : 0.0,
      "z" : -55.003635
    }, {
      "x" : 0.0,
      "y" : 29.034441,
      "z" : -76.01315
    }, {
      "x" : 76.01315,
      "y" : 0.0,
      "z" : -122.99187
    } ],
    "faces" : [ {
      "vertices" : [ 0, 1, 2 ]
    }, {
      "vertices" : [ 0, 2, 1 ]
    } ]
  }, {
    "id" : "b2ddd62a-0e0a-41a5-996a-cb86ff67f54d",
    "vertices" : [ {
      "x" : -46.978714,
      "y" : -21.00952,
      "z" : 21.00952
    }, {
      "x" : -46.978714,
      "y" : -11.09017,
      "z" : 11.09017
    }, {
      "x" : -55.003635,
      "y" : -8.024922,
      "z" : 0.0
    }, {
      "x" : -122.99187,
      "y" : -76.01315,
      "z" : 0.0
    } ],
    "faces" : [ {
      "vertices" : [ 0, 1, 2 ]
    }, {
      "vertices" : [ 0, 2, 3 ]
    }, {
      "vertices" : [ 0, 3, 2 ]
    }, {
      "vertices" : [ 0, 2, 1 ]
    } ]
  }, {
    "id" : "54d0b46f-1727-4907-9aaf-a5e1ad45ac3e",
    "vertices" : [ {
      "x" : -29.034441,
      "y" : -76.01315,
      "z" : 0.0
    }, {
      "x" : 0.0,
      "y" : -55.003635,
      "z" : -8.024922
    }, {
      "x" : -11.09017,
      "y" : -46.978714,
      "z" : -11.09017
    } ],
    "faces" : [ {
      "vertices" : [ 0, 1, 2 ]
    }, {
      "vertices" : [ 0, 2, 1 ]
    } ]
  }, {
    "id" : "3921a5d4-7340-4555-95b2-bc02e9775b78",
    "vertices" : [ {
      "x" : -76.01315,
      "y" : 0.0,
      "z" : 29.034441
    }, {
      "x" : -46.978714,
      "y" : 21.00952,
      "z" : 21.00952
    }, {
      "x" : -46.978714,
      "y" : 11.09017,
      "z" : 11.09017
    } ],
    "faces" : [ {
      "vertices" : [ 0, 1, 2 ]
    }, {
      "vertices" : [ 0, 2, 1 ]
    } ]
  }, {
    "id" : "c5e7d73a-4526-4197-81b8-1cfb7d2cdb1b",
    "vertices" : [ {
      "x" : 46.978714,
      "y" : -46.978714,
      "z" : 46.978714
    }, {
      "x" : 12.984597,
      "y" : -33.994118,
      "z" : 42.01904
    }, {
      "x" : 17.944271,
      "y" : -35.888542,
      "z" : 29.034441
    } ],
    "faces" : [ {
      "vertices" : [ 0, 1, 2 ]
    }, {
      "vertices" : [ 0, 2, 1 ]
    } ]
  }, {
    "id" : "76fd7aaa-7387-4871-8388-acb900045d3d",
    "vertices" : [ {
      "x" : 0.0,
      "y" : 29.034441,
      "z" : -76.01315
    }, {
      "x" : -8.024922,
      "y" : 0.0,
      "z" : -55.003635
    }, {
      "x" : -11.09017,
      "y" : 11.09017,
      "z" : -46.978714
    } ],
    "faces" : [ {
      "vertices" : [ 0, 1, 2 ]
    }, {
      "vertices" : [ 0, 2, 1 ]
    } ]
  }, {
    "id" : "f7f2ec83-ac68-43df-892f-64c49dddc6d3",
    "vertices" : [ {
      "x" : -21.00952,
      "y" : -46.978714,
      "z" : 21.00952
    }, {
      "x" : -11.09017,
      "y" : -46.978714,
      "z" : 11.09017
    }, {
      "x" : 0.0,
      "y" : -55.003635,
      "z" : 8.024922
    }, {
      "x" : 0.0,
      "y" : -122.99187,
      "z" : 76.01315
    } ],
    "faces" : [ {
      "vertices" : [ 0, 1, 2 ]
    }, {
      "vertices" : [ 0, 2, 3 ]
    }, {
      "vertices" : [ 0, 3, 2 ]
    }, {
      "vertices" : [ 0, 2, 1 ]
    } ]
  }, {
    "id" : "218e1b5e-9090-435f-94f2-d57ef6b2a967",
    "vertices" : [ {
      "x" : -76.01315,
      "y" : 0.0,
      "z" : -122.99187
    }, {
      "x" : 0.0,
      "y" : 29.034441,
      "z" : -76.01315
    }, {
      "x" : -8.024922,
      "y" : 0.0,
      "z" : -55.003635
    } ],
    "faces" : [ {
      "vertices" : [ 0, 1, 2 ]
    }, {
      "vertices" : [ 0, 2, 1 ]
    } ]
  }, {
    "id" : "2976fd02-458a-4175-8e5b-63f612d0ae99",
    "vertices" : [ {
      "x" : 122.99187,
      "y" : -76.01315,
      "z" : 0.0
    }, {
      "x" : 46.978714,
      "y" : -46.978714,
      "z" : 46.978714
    }, {
      "x" : 33.994118,
      "y" : -42.01904,
      "z" : 12.984597
    } ],
    "faces" : [ {
      "vertices" : [ 0, 1, 2 ]
    }, {
      "vertices" : [ 0, 2, 1 ]
    } ]
  }, {
    "id" : "a62897b4-20cf-4e01-acee-e94f1173856e",
    "vertices" : [ {
      "x" : -8.024922,
      "y" : 0.0,
      "z" : -55.003635
    }, {
      "x" : 0.0,
      "y" : -29.034441,
      "z" : -76.01315
    }, {
      "x" : -76.01315,
      "y" : 0.0,
      "z" : -122.99187
    } ],
    "faces" : [ {
      "vertices" : [ 0, 1, 2 ]
    }, {
      "vertices" : [ 0, 2, 1 ]
    } ]
  }, {
    "id" : "0360a9cb-f81f-41d3-a857-00e75f45d8a0",
    "vertices" : [ {
      "x" : 12.984597,
      "y" : -33.994118,
      "z" : -42.01904
    }, {
      "x" : 17.944271,
      "y" : -35.888542,
      "z" : -29.034441
    }, {
      "x" : 21.00952,
      "y" : -46.978714,
      "z" : -21.00952
    }, {
      "x" : 0.0,
      "y" : -122.99187,
      "z" : -76.01315
    } ],
    "faces" : [ {
      "vertices" : [ 0, 1, 2 ]
    }, {
      "vertices" : [ 0, 2, 3 ]
    }, {
      "vertices" : [ 0, 3, 2 ]
    }, {
      "vertices" : [ 0, 2, 1 ]
    } ]
  }, {
    "id" : "6b739eaa-3f49-4ebe-9aaa-e06de38c513a",
    "vertices" : [ {
      "x" : -0.309017,
      "y" : -0.19098301,
      "z" : 0.0
    }, {
      "x" : -0.309017,
      "y" : 0.19098301,
      "z" : 0.0
    }, {
      "x" : -0.19098301,
      "y" : 0.0,
      "z" : -0.309017
    }, {
      "x" : -0.19098301,
      "y" : 0.0,
      "z" : 0.309017
    }, {
      "x" : 0.0,
      "y" : -0.309017,
      "z" : -0.19098301
    }, {
      "x" : 0.0,
      "y" : -0.309017,
      "z" : 0.19098301
    }, {
      "x" : 0.0,
      "y" : 0.309017,
      "z" : -0.19098301
    }, {
      "x" : 0.0,
      "y" : 0.309017,
      "z" : 0.19098301
    }, {
      "x" : 0.19098301,
      "y" : 0.0,
      "z" : -0.309017
    }, {
      "x" : 0.19098301,
      "y" : 0.0,
      "z" : 0.309017
    }, {
      "x" : 0.309017,
      "y" : -0.19098301,
      "z" : 0.0
    }, {
      "x" : 0.309017,
      "y" : 0.19098301,
      "z" : 0.0
    } ],
    "faces" : [ {
      "vertices" : [ 0, 1, 2 ]
    }, {
      "vertices" : [ 0, 3, 1 ]
    }, {
      "vertices" : [ 0, 2, 4 ]
    }, {
      "vertices" : [ 0, 5, 3 ]
    }, {
      "vertices" : [ 0, 4, 5 ]
    }, {
      "vertices" : [ 1, 6, 2 ]
    }, {
      "vertices" : [ 1, 3, 7 ]
    }, {
      "vertices" : [ 1, 7, 6 ]
    }, {
      "vertices" : [ 2, 8, 4 ]
    }, {
      "vertices" : [ 2, 6, 8 ]
    }, {
      "vertices" : [ 3, 5, 9 ]
    }, {
      "vertices" : [ 3, 9, 7 ]
    }, {
      "vertices" : [ 4, 10, 5 ]
    }, {
      "vertices" : [ 4, 8, 10 ]
    }, {
      "vertices" : [ 5, 10, 9 ]
    }, {
      "vertices" : [ 6, 7, 11 ]
    }, {
      "vertices" : [ 6, 11, 8 ]
    }, {
      "vertices" : [ 7, 9, 11 ]
    }, {
      "vertices" : [ 8, 11, 10 ]
    }, {
      "vertices" : [ 9, 10, 11 ]
    } ]
  }, {
    "id" : "e649539e-4950-4614-81b8-6f943fa13d9f",
    "vertices" : [ {
      "x" : 0.0,
      "y" : -55.003635,
      "z" : -8.024922
    }, {
      "x" : -11.09017,
      "y" : -46.978714,
      "z" : -11.09017
    }, {
      "x" : -21.00952,
      "y" : -46.978714,
      "z" : -21.00952
    }, {
      "x" : 0.0,
      "y" : -122.99187,
      "z" : -76.01315
    } ],
    "faces" : [ {
      "vertices" : [ 0, 1, 2 ]
    }, {
      "vertices" : [ 0, 2, 3 ]
    }, {
      "vertices" : [ 0, 3, 2 ]
    }, {
      "vertices" : [ 0, 2, 1 ]
    } ]
  }, {
    "id" : "45784192-fd46-4666-9f53-b24c453541dd",
    "vertices" : [ {
      "x" : -29.034441,
      "y" : -76.01315,
      "z" : 0.0
    }, {
      "x" : -21.00952,
      "y" : -46.978714,
      "z" : 21.00952
    }, {
      "x" : -11.09017,
      "y" : -46.978714,
      "z" : 11.09017
    } ],
    "faces" : [ {
      "vertices" : [ 0, 1, 2 ]
    }, {
      "vertices" : [ 0, 2, 1 ]
    } ]
  }, {
    "id" : "bf9496f4-8808-4f3d-8c92-7a846599bc2e",
    "vertices" : [ {
      "x" : 21.00952,
      "y" : -46.978714,
      "z" : 21.00952
    }, {
      "x" : 46.978714,
      "y" : -46.978714,
      "z" : 46.978714
    }, {
      "x" : 0.0,
      "y" : -122.99187,
      "z" : 76.01315
    } ],
    "faces" : [ {
      "vertices" : [ 0, 1, 2 ]
    }, {
      "vertices" : [ 0, 2, 1 ]
    } ]
  }, {
    "id" : "db3d3268-da1e-468c-850f-af4d6b174634",
    "vertices" : [ {
      "x" : 0.0,
      "y" : -122.99187,
      "z" : 76.01315
    }, {
      "x" : 46.978714,
      "y" : -46.978714,
      "z" : 46.978714
    }, {
      "x" : 12.984597,
      "y" : -33.994118,
      "z" : 42.01904
    } ],
    "faces" : [ {
      "vertices" : [ 0, 1, 2 ]
    }, {
      "vertices" : [ 0, 2, 1 ]
    } ]
  }, {
    "id" : "4d163037-d2fa-49a5-a51e-a0b4d86cf838",
    "vertices" : [ {
      "x" : -29.034441,
      "y" : -76.01315,
      "z" : 0.0
    }, {
      "x" : 0.0,
      "y" : -55.003635,
      "z" : 8.024922
    }, {
      "x" : -11.09017,
      "y" : -46.978714,
      "z" : 11.09017
    } ],
    "faces" : [ {
      "vertices" : [ 0, 1, 2 ]
    }, {
      "vertices" : [ 0, 2, 1 ]
    } ]
  }, {
    "id" : "12941247-94fe-46ac-9be0-20ded5136d2f",
    "vertices" : [ {
      "x" : -76.01315,
      "y" : 0.0,
      "z" : -122.99187
    }, {
      "x" : -76.01315,
      "y" : 0.0,
      "z" : -29.034441
    }, {
      "x" : -42.01904,
      "y" : 12.984597,
      "z" : -33.994118
    } ],
    "faces" : [ {
      "vertices" : [ 0, 1, 2 ]
    }, {
      "vertices" : [ 0, 2, 1 ]
    } ]
  }, {
    "id" : "2bcf66d9-4a85-420f-9c54-1905ec1d7262",
    "vertices" : [ {
      "x" : 0.0,
      "y" : 55.003635,
      "z" : -8.024922
    }, {
